-1.2022063659189253 -4.0260942910613995
-1.8719065497830236 -1.3502977187811007
-2.716420220138885 -1.5371997990789383
-0.9875956661046519 -2.876210509312477
-3.050818057598838 -2.159615431610387
2.919605120206689 1.4279477501502384
-2.2605178545954114 -2.015469651192309
-4.192621410674788 -1.9722398006328925
-1.5661261706181078 -2.411940043255912
2.7011190456443717 1.5440898982222473
3.405223393032779 0.3317647462803932
3.2945663126769476 1.298282072666
-3.121668989690234 -0.12351127244907656
2.9111480792436253 3.167941510025203
2.046362507097337 2.3117764252166477
-2.526517232511067 -1.5605718229924683
4.256929534531777 0.9488993531215779
-3.756066662254434 -2.904170249573194
-2.2565160283783694 -2.4116060883682833
2.6658325739907207 2.3904371546277727
-3.9375371429576935 -2.8872940705766714
-1.6632898649147911 -1.89673306356082
2.3102941084437307 1.6965628523662133
-1.8727663010167648 -1.3600971223913243
-1.2420104393423361 -1.9360549059659973
-2.5329565703124857 -2.6088894369595943
1.9546730807846027 2.260776738176626
-3.5994170704595945 -0.6240660804861847
-1.624669867079722 0.03215632105214117
-4.150308255514641 -2.1251604252389455
2.79820031482334 1.4657933111866237
2.480731568032933 2.9250182465645227
0.9206009300209197 4.264966757488452
2.931868396636811 2.7262430232830805
-1.9691056315064657 -1.3712197324442292
1.365474868285072 2.207977803953258
-1.6870187511529777 -2.271366922734622
-5.066205952081505 -0.628494203516859
-2.2916330191305203 -0.3218419795036982
-2.7823942225159746 -1.7079237628897515
-2.1292152739260555 -1.607532504052765
-1.3222387024266904 1.1767824003045015
2.6186601422414757 3.116703694307252
-1.595154330284271 0.18316501415905284
-2.7700914622070627 -0.6139128294156798
2.7032111979170246 3.641003325576148
3.8230510724529863 1.2597974708277744
4.151639779500274 2.5219484709387707
2.9148697984518868 3.2030160693099967
-1.4220679230545323 -0.6332386964115431
3.5597890993971504 2.036832750523941
3.6804931929297813 4.173664275134363
-1.9834820328689204 0.4394120415256286
2.1892807753790375 1.597743612285256
-4.4566002461891445 -1.4898070801901904
-2.8929207179970255 -1.3956946275855378
-2.517819076628811 -2.4158616820187544
3.914616935063691 3.211194223573016
-2.653706905785022 0.6474495641149627
-6.075480450333627 -2.439035156954105
2.7049331115371524 3.3506825514541307
2.6041780410962185 -0.1021556305438307
3.3005923434958153 2.053369348034397
3.603703425008689 1.6754158326072928
-1.9077623358290021 -1.4104909980468836
-1.192827647190767 -0.17260148931344665
3.128019087494407 0.44037273065193316
-1.1241389840194607 0.05358869340417072
-1.9376840363935366 -0.8903465566162458
-3.39658629051496 -1.3459430180490508
-4.535435295803046 -2.0566341640376473
-2.5892022259653604 -0.4555922003967743
-3.1107648712725795 -1.8341892463666638
2.953813302064864 2.4714387236052966
-2.4586202279036735 -1.984775178269151
0.9864192127342615 2.9595607009071196
3.8177409511794904 1.1155765888912557
3.173849128581677 1.3463067298118636
-3.3277936807879627 -0.5885883356076193
-0.8065500722342132 -1.3395184861676295
3.192605477500714 2.320383800733725
1.9751712094995404 1.8650598970934524
6.974523217618257 1.1684481201562191
-3.8296074258267483 -0.8953577142188676
3.8465504868764304 1.3802652537451727
-1.9681455470784583 -1.507837969692466
-2.561377820877976 -0.7638372536827379
-2.2028980002160274 -0.9416181443564289
-4.410077455812205 -0.10621377011591226
-3.1687827077119453 0.46032495260253614
-3.4060098335656437 -1.780104030062707
3.441383252453104 3.4909135730922207
-3.8089186961683557 -2.875600361703177
-3.2093562963215585 -2.994999002859247
-2.192195747934587 0.10362088659524349
4.679352035731453 2.4570543838033934
3.2835719142662625 3.465407340676316
3.026514543834845 0.5680899784071507
-4.3191185223396635 -1.5501217281166433
1.3461871484024348 2.350336051986395
2.730433114998348 3.3760827834017046
1.3080751058878037 1.1828988476382947
-2.3092049510257677 -1.7299878878637305
-1.5246308242687043 -1.470253354145793
3.5148489993145153 2.8315326184025613
-3.4580413128779894 -1.7932825703015862
2.762851262179968 1.7503083633734255
2.1155328416735273 2.5766762339380365
2.3283340112252864 4.450161934413899
-3.066224432344574 -0.4399301515623135
-3.5035046639975835 -1.0410736926101476
4.759339913531525 2.6772810010234176
2.4848647570139746 1.367691574033532
-1.8893811627063828 -0.3090918748465006
2.2415709715597525 1.3065433226945726
2.6754257083498634 3.8653684661735133
2.582882019876678 0.9135518994609868
2.2400215253160902 2.760564319986646
4.935289027540409 1.8430748430266846
3.3448914703020254 1.178109055029831
2.9781290649755543 2.537060271286109
3.9709134412994715 1.6102472387730442
3.656329290531638 2.191505565876009
-4.492732229690858 -1.6344290067186142
-0.6510716593881973 0.05884494430082432
-2.448268264676923 -1.9914979981283278
3.2970649850310227 2.152814356804766
-1.0150521683589495 -0.4712570118194478
1.8970740326800652 1.9712694737788123
-2.914870694823731 -1.8977516672615358
-2.4557874573244587 -0.3386847071066317
-1.078879347835254 -0.9732263000916306
-3.499289434196183 -0.5794803872110793
3.6246965918971643 3.324213563922468
-1.5774273116181856 -1.3693608908615558
-2.9431418810701717 -0.03829299337921377
3.0046047237799 2.796409297138467
2.9195346545752097 4.165945186688379
3.182275812730331 4.453579227183432
3.3067822004083833 3.0249474160813627
-3.902809114568896 -2.7047317166848996
4.505025023778462 3.2835515796820056
4.674572756285171 0.19072052130794948
-2.32238764680018 -2.5960988427400924
-1.7151156019996243 -1.6973591291179932
4.172653730028197 1.1681209292674042
-2.240288026535516 -1.7135473015280454
3.6985043047851187 2.9496014538018476
3.7250383218498233 1.9157094113870863
3.7546563164339224 2.3661061207246847
2.7383657648952364 3.3978697426486133
-2.2010162038332757 -3.0526564778921363
4.220270778971645 4.143619816709307
2.4180330592853156 3.6555683368138734
3.480482283825216 1.346897478844172
-3.0202838143166213 -0.36037724330821974
2.4365045256132922 2.95476650607659
-5.053130531876379 -2.158444849265071
-2.609554523464307 -3.3487954682008354
-2.039788814068393 -2.0770087794533154
4.858490096763702 2.847026040282587
-4.317494792289393 -1.8865606846299192
-1.8521707394673905 -1.4967458719915612
-3.710374989433177 -0.8620786689331899
2.8304777367493905 2.8616143625965558
3.7493750140997637 0.720433318968289
3.5518084137513517 2.7437882480233107
-2.6598091074462173 -0.8285818105531143
-2.5510525204567354 -2.5353190008871636
-3.199438162347392 -0.608066716697748
-2.826771107215551 -1.5748849079178653
3.251046471966257 0.2284672381123105
-3.8453559358405727 -1.5204338417084804
-3.615267179072088 -3.0588690062907493
2.2842210163921273 3.0136094129818023
-2.9313578049730746 -2.7498378186098793
-3.270589139780016 -1.5136923768886654
-3.0574436020758236 -2.2388392880856904
-4.710552138362329 -1.5838006566217286
-1.007425291933614 -2.3733816075381613
3.6431654440080887 1.9796267189886536
2.6384951968452564 3.826369749630542
-1.639086524487192 -2.9785135262214655
1.1666318391858832 3.253087845069211
-3.8029570766887755 -0.2841612169501706
4.335848067766588 1.5051830683154646
-2.5753385921393597 -2.4557722121961882
-2.004316257963087 -2.2582522658930575
-4.641232054017282 -1.5637215274753518
4.587690751406887 3.528475441585573
3.0864495465329633 3.332786375977448
3.001141338978793 2.0290513706499747
-3.6298082191146555 -0.7821087395090592
-1.9717350463622432 -3.2982202377593426
-2.6121513436494914 -2.493178040468716
-4.51613026437396 -1.2537646044271415
-3.641123646146651 -2.077564676913135
-4.542822979631134 -2.063012052671067
-3.0783698472911163 -1.3783003639288147
1.3938967156161615 1.0129643529090675
2.6675874525190193 2.596253515877563
3.832794428354783 0.0310173939649383
1.5886995229111314 2.7915156517918587
-2.862858893797946 -2.0831128964557877
2.643074745337285 3.517325968587368
1.5437304216706234 1.3239780639694514
-1.395628773490984 -1.260752493433552
3.453840426748555 3.0314609705026156
2.241336246681982 0.9926513155434586
-3.2757179495853066 -0.519734873601664
-3.8685400509255286 0.2013739722405472
2.902050917033896 2.736726924047016
-3.0439271145510265 -2.9508930530485764
2.882113302713883 2.023439066207802
3.076363673776239 3.3368764466810625
4.557715286120696 1.8530312308043426
3.2425703264055086 2.6720534248682024
3.5034937004742224 1.376098188515344
-2.724474887857796 -0.7365578815460352
-3.1581066741822035 -1.2775972958616248
-2.26950362361188 -1.676209723302376
-0.5176219479497788 -2.704297298580535
-1.4270454600727676 -1.6300706757823327
2.1837305387298143 1.2667118394578791
-2.7099772753584235 -1.154614685221855
3.3256445193375 2.1333954758400977
3.2391446847906487 1.7058617745442683
-0.7415650074749056 -0.5554977798658193
2.716802489430081 2.006590104719539
-4.104366117019735 -2.5931172907418807
-2.643069703765958 -0.545169379361361
-1.6782453059576214 -1.7712566750559506
-2.6139017039797503 -2.0227723341756416
3.6216614290360214 1.5762390257674892
-4.222461391035848 -0.7141973122313318
3.653534671317135 3.2508649837927024
3.6258072592373223 2.7013161875701424
-0.7423982922455257 -1.373939480519043
4.637754550349039 1.8546374543820892
3.4904387999205126 2.3333892372798792
1.9716969805721563 2.504836829535052
-3.4487127554098165 -2.16077640848823
-2.769963881927926 -1.7825791756116214
-3.81219987666179 -0.040743017660031855
2.155910721875018 1.7571652462919634
-3.277109126770895 -3.134658057707063
-2.724427772867511 -0.386055067959696
3.4612361596863526 2.1027530407547332
-3.3185575336285114 -1.1267708255411977
4.183012972069533 0.07495728725497575
-3.360397498260465 -0.5691926821544392
-3.3375696965556663 0.15266661810412518
2.2349235072703184 3.042934039195188
-3.26107570943539 -0.7010050019005706
2.292695973497567 1.6844595284631518
-3.240794808180536 -2.1570431786455964
-4.598339884794466 -1.5215615233334236
-2.3953299031405306 -2.3713465481701164
3.4114058858630947 3.2738097110974147
3.8905465921519253 3.3793333203544327
-4.0444446896407396 -0.19713391175389727
2.6732700184584326 0.40143069733680803
2.5581031368324134 0.5082258480499089
4.478563532601846 1.8167380552909158
2.5776727816108695 1.1994773652285624
2.416465175611065 2.1258554126410574
-4.214483520749705 -1.8687277531681699
-4.720081758158777 1.2706510308969683
3.3351884003812042 0.6760156644653972
3.294126937478943 3.8047954942250763
2.350995215283936 1.776854843882484
-4.974478048473854 -1.9365250114729595
3.042794131057293 1.7830036729459668
-2.15865583626456 1.1141954107016374
2.5259304763856703 2.7279233713507356
-3.6985021696657765 -1.1413376513959115
-2.740473639282845 -1.2335012629189719
-4.100560477487639 -0.8546609536017032
-4.6550678581772065 -0.832749585561511
4.237695604950677 2.3179577282367343
-3.0995258624931643 -1.2483089414814792
3.06593386123782 2.7648583831245443
-5.011044063454501 -0.7513218103448095
4.1202151596094225 3.1775868453399196
-1.9848843972089067 -4.273301127899269
3.9559017231618996 1.4183037464970956
-3.458376749075761 -1.1465635281631232
-0.5817527853778821 -0.8830189076679867
3.8468441556372936 1.4834687546196648
3.919034869512544 1.0365329201960085
3.883862134469017 2.162008386740422
3.5826483529394393 2.2985402606294527
2.955720155353211 1.5443898914755518
0.9599877843599827 1.1074922903556244
-1.3640328074468162 0.06498497005571524
3.3368545051538208 2.280331565257864
4.097388952009423 2.1910413691015806
2.728821233989727 1.6452401108290229
4.01554062018768 2.3119595910655293
-2.4923539850084073 -2.2629519841136236
4.483630654769328 2.2222810737850294
0.13289352523765663 -2.6009893512990123
2.644129563122451 1.2580952498437894
4.095334781790107 1.5104050189711151
-3.194939261388177 -0.34528377304122393
4.184425294539653 0.7834103779453339
-1.5096827861618054 -2.404819811522524
2.549883394717838 5.669847250079844
2.396163589953744 2.6267078511006337
2.0593500219811487 1.893813932554478
-1.142085003422844 -0.3481353780218427
5.432280074097898 2.8807677096488558
-3.34551432395595 -2.336294255786833
-2.00736620274623 -0.9708161745912536
-3.6908349473963353 -1.1350824408780125
3.7189006232679853 2.5785086628086167
-2.8547698819291756 -0.8461495618899706
-2.3093108204134993 -0.23945846205657362
-2.7305490256569054 1.42549288746591
3.0309814343830364 0.15432085443147026
-2.101790614079986 -0.37404118998874425
-0.7678984174336674 -1.780237589772166
2.714785655652447 3.2498567188021306
-3.0781483112326278 -1.1518003761962707
-1.5120229760249468 0.10865259974226826
-2.532807592473989 -1.4399903755910577
2.517333590684601 0.5679812381523146
-4.60190900807309 0.6361474839140568
-3.0060464729507017 -1.5110023454909127
-2.082099029581724 -2.094008354889989
2.6729143763246217 2.8833651007683088
3.4146263283914537 2.5750762365290067
-3.4205338025847096 -1.5741867837998094
2.4101740573901 0.730184375356105
2.9643613821562114 2.911898088557552
-2.9605755890791627 0.12447616556207897
-2.217544673556792 -0.787735524309409
3.65900348085255 4.016288499144027
2.5194975442967324 1.8685902778732526
2.9523580349463665 1.8718223359571307
3.3296084309281753 4.9174072386663035
1.5903165826879035 1.3571494348565172
-2.015191870464533 -2.1098489275901615
2.2874534561241866 1.0304399248854803
-4.161299123661955 -2.7495362144482147
2.3005404613750366 3.6771213283146094
-1.726897880281886 -0.9366135673017824
1.6132247262684518 3.474109903488075
-1.01224198993157 0.7061517773189461
-3.913273970277352 -0.31417868652973846
1.7389510976503482 3.9878349133084203
-4.610113099041238 -1.8460809357355492
2.2391878285197415 2.4504877389501067
4.460402264594672 1.2912624413540492
-3.566408155565782 -0.5191261461805047
-3.016473512125102 -3.738655731445908
2.669003769008516 1.2004466414161004
-2.4658526958891143 -1.4094513481857713
3.41383326288046 3.604896152508994
-3.5578447496157612 -1.2052866265810958
4.001305327731147 3.71054486140946
3.167189190826299 1.2166109905652327
-2.344970457972837 -0.8319877988290908
2.0200637940673003 3.595435947311513
3.1745900612739497 2.179891254906069
-3.103385995393805 -1.628459899601876
-3.84940606011045 -0.3616669769842278
4.286957850585702 2.024269887156417
-3.9313880784654462 -1.6918137126166812
5.928947471280063 3.333444667722195
3.335685567095964 1.330072716605327
-2.4518468948700143 -0.5234186172293305
-5.192108225911628 -1.1293988715365384
1.8707057252619546 3.3795390651570343
2.1892579817098827 2.2174952012133256
4.029626719373406 3.43201900536765
-3.454177520259652 -0.6935176522103192
-3.725159749036802 -0.7791453977911141
-3.4849679304005354 -1.2202708086466272
3.4392717708256644 2.327677610654826
-2.313369560902911 -3.256664322682809
3.9533042556880553 2.539634807152189
4.3477385546528 2.5843488911706682
3.7707708911364337 4.007990134937753
2.898489290388582 3.177842157455613
3.1606133394483154 1.5346147121542373
3.7998598574789444 1.5777280364416248
2.9111627474686625 1.5975049300375406
-1.8688820027604185 -3.820863821076302
1.899558404561683 1.2205235961629504
-1.5761885286777697 -2.284872007436686
2.625445711656673 2.7802656684728673
4.070580116626294 1.5694010305245567
0.6197855014467182 1.1842336636662862
-3.3041201000337144 0.9538022865296478
-3.9040381955398233 -1.6661447736009531
3.247055221000366 1.7355736429356956
-1.0945320847118518 0.6755556287830067
-1.3364527264301176 -2.2281904446264615
-3.3999869490928427 -0.9694241234369794
2.819351857032647 1.3764826833185402
1.8464004773217984 1.3927299822509445
-2.657736394902122 -0.6905301213149933
4.498738543198982 2.5901887233826866
-1.8154455325220993 -0.24548584022187758
3.1897300058806066 3.0489194579275574
-3.3213154997139864 -3.2494181492839402
-5.276918688410568 -0.7480763146908788
-2.9463806229198175 0.12538652346732748
-1.7126430443439151 -1.0700959861438226
-2.800811978783541 -1.3016561167835279
3.6688784757606374 1.398362837930677
-3.8468893362238603 -0.5327723038048856
-2.6456413853699474 -0.9049853416194088
-3.162726714190835 -1.3493076496262721
-1.869985821184962 -1.9241494956036986
1.5907777593907848 3.1641995479350773
3.275008346997617 2.2161744988183227
2.7647344598093286 1.4616513678403042
2.759531930244684 0.09002013275951626
-4.090815780877893 -0.047271483084907695
-0.9240626187059158 -1.0935663729402096
-2.8915433399442483 -1.9963901398743378
-1.0306032945860748 0.020366411549629593
-2.877618134523687 -0.11570436321276345
-2.063629650735283 -1.4984734672698412
2.8543313926236777 1.0907662232750883
4.620799810405221 2.7448502588718355
-1.661936532902317 -2.227069561771091
3.554513104607761 1.382876458766519
4.647948004378543 2.1933972301814424
-4.3810490792563686 0.2519170431729971
4.111440249934666 1.78513211013115
2.946446990434716 3.0410038672171336
-3.335540041239959 -0.9280325446261426
3.527019221813867 2.468727143824611
-2.287888791101644 0.29213973819983163
-2.7772305856645714 -1.270243959930657
2.9345086131084064 2.348406699012598
-3.6304599481784727 -1.0779739798615315
-1.051611115707531 -2.5471897163969426
-2.9412216185137168 -2.5052721886503058
5.62219647227699 0.660940018450294
2.356200629331227 3.3126043822108713
3.2526869940621697 2.867213704766367
-2.7801933498457374 -1.9833870384394958
3.7531560857361908 3.611269245273636
-3.732084376558826 -1.9279890079570159
-2.041115592297917 -1.8180108319366164
4.445196610663655 0.7085698925991448
-1.3788907611606462 -2.5020163458052718
-3.074878387423844 -2.7770096119972996
-2.692670813366056 -1.5065701776790388
2.742735141489727 2.2803987143675557
4.631404587046921 1.9487528147364894
3.277229844582392 0.05012161570703766
-2.350650517913495 -1.1843936104317954
4.41328292130684 3.891645170353431
3.669695732259054 2.2744792029394
4.5073618887508475 2.5134994764742267
-3.103966607692602 -0.12098818576424164
2.7884625604465088 2.9809168009993776
2.681800645722788 3.3259601773731218
-2.3950508457798896 -1.8150368338713694
3.770587516907242 2.0122997847126283
2.824240323226671 1.70997734696367
3.2483676301288256 1.7554821715565905
-0.7904062991135303 -1.9599366810500407
3.698460299499179 0.7134063207133536
-3.0745464025549682 -1.5718372838411785
-3.3690973024221345 -0.8668007153037088
2.64717367249136 1.9216774015025493
-2.6154736645789725 -2.988669847776456
-3.018274089580336 0.5754740629794077
-3.6963866327232866 1.3353413790088668
-3.355379037657591 -1.9377010247960085
3.716246395131826 2.142963268167059
-2.168060450547598 0.0039038758940417306
-3.573134844444935 0.07487616028489241
-4.053812917319213 -1.5608627514252131
-1.3470621217194287 -2.6923521950539206
-5.114375632899321 1.5013634499384436
3.089790424391821 1.1597799774241349
3.751060484688356 1.86176371979785
-1.8949551132962354 -3.1352065003458622
-3.805906633330399 -1.0753926695388063
-2.633347352533853 -2.3827363631094673
-1.2965618432358217 -3.1916156213032156
-3.6328159627894823 -0.8003623729809033
-3.7178930621480752 -0.690690375305345
-2.4616090149360597 0.44764106514167645
2.0667148936180153 2.7274647884429153
5.367118381557337 2.102180353423412
-3.286749250684994 -2.6213291147830207
-2.5142943757141034 -1.1500362057081497
-2.5300041549754404 -1.2790171050614583
-2.004839061066576 0.19589537202719054
-4.300615819355665 -1.4693035589163588
-2.5732624227813172 -2.1319732889709258
2.5495147597594228 3.6184416304966764
-3.3065317385197925 -2.1529877075849946
4.062173227446621 2.9583920884817494
-2.90979746118149 -0.43567559398564015
-3.7641493600785956 -0.9454176001507091
3.878647867933825 2.7459466271969895
-3.463120734574687 -0.7756485886839015
-2.540838973103627 0.7448966431432342
-4.683429771181439 0.1944029774129099
-3.888283843217277 -1.142536449222335
-2.138689757363762 0.7119363095307645
2.2567523846932267 5.179309044124526
3.506703574724636 2.015101284039634
-2.6223676596983134 -1.202190522898358
2.9534946546257648 2.274585572447523
4.165331952982732 1.6091851148645429
-2.502238219655979 -1.327489555568625
3.0706911492585416 3.6486814785418633
-2.6662227109096843 -1.0794973241612698
-2.755536569939749 -1.4734567497781736
4.926410184758564 3.141374927478892
-3.57364061462288 -2.30927756587995
3.3423063125177506 3.74840570391307
3.243164197400611 3.1340243878320946
4.392034583305613 2.857218014892543
3.8978943145318077 0.9918252187450456
-0.5403949541841873 -1.9891578662797107
-3.338182002309134 -0.06027023533823783
3.111623324077095 1.6108645908150807
-2.504958751242042 -1.2230962193457997
2.3830506483392493 3.663056278084113
-4.272648637030812 -0.26506488717462595
3.7001211879001583 3.7058027488608567
-1.9710603081698377 -1.0530924685488172
3.1682620902070213 3.6717061974208125
3.385155118737561 3.0208706471820554
4.162324683148612 -0.09584730842686273
5.390440796137419 1.9538810512233635
4.682160212363542 2.0720258614379032
-2.3519491868122895 -1.399154632499407
4.0699597164335986 2.1339620525043266
-1.5911424544989272 -0.23427810188129783
3.4962776909935416 1.291528041159325
2.2135092175655897 2.8168974057238705
-4.545294453107006 -0.12296222894963016
2.6312623534818025 1.5855952688563884
3.1667363704185205 2.469982598287341
2.525802881509569 2.9213565064411076
-2.3174012580187653 -0.7266152492766882
-3.500024441659096 -0.828417656759829
1.9443363654157595 1.9306425805695158
-3.2743128994239106 -1.6753199861930317
3.8418324258674716 3.967125849252076
-0.8228480950184789 0.0369647010645302
4.156657460415806 5.080342545170794
3.2701609784881827 0.8102494693845168
-3.32073917646574 -0.13934462526507652
-3.760837349486483 -2.879066490904647
4.622929394840845 1.883684516548401
3.4694941431051913 1.5697354520477496
3.005693052268215 2.4407485568494223
3.718064793944804 0.6568364019994337
-3.583630986993746 -1.3287480966469551
2.4128622780733235 3.426857971946122
-4.0226390791424445 -1.198945279128761
-2.38024509837843 -4.479439680367347
-3.5149353957102942 1.3014221943588467
-2.5276478435728307 -1.698548433263566
2.7887751712401228 1.948171077530197
-1.6049662270450697 -0.785719558655294
-3.360349990823507 -0.5932494705478905
-4.735418116623055 -0.9236135930927398
-4.261362852395528 -2.4280732056328445
-3.4276419072885025 1.411125656936931
3.870300471602237 1.8071141714175882
-3.738580388753206 -1.8654083869214748
1.4134440130545167 1.70994824013415
-4.215189069997529 0.2735770550469412
3.741173861063664 1.1989119890797402
-5.030141216143852 -1.2632441820139948
-3.3455863885664545 0.30921328920894586
2.863787410329875 0.8393867254294423
-2.7462933768521003 -1.9839166347282364
2.5906314163058135 3.896029509457538
1.0814640315421973 2.0857306460482317
3.1657131013080386 2.9842187256944195
1.2688930426804272 3.306550758551292
3.60613853767033 1.1823805974078503
-4.606802999432552 -1.821753255510247
3.1249852374816918 1.9842514769524104
-1.304984414164171 -1.190855285178956
2.839916297261023 2.9406668375906806
2.6074240909934123 2.303538232928753
-3.233834910734991 -1.8814221377069549
1.7425768949143368 0.2000487618445912
-1.664725848378397 -0.8064464879823388
-3.7756332767412184 -0.876221142990024
3.7453892224584244 0.10108770084873786
-3.7560506745537205 -0.879998960575122
2.732514245455241 4.280763782974418
-2.5505833056896456 -0.026421857322019626
5.309346717917581 0.10817396828073234
4.169942619343664 1.8285142892948578
-3.212831908542684 -0.8342858869759512
4.353107391657036 1.8271838785464236
4.093058219766464 1.5718033307663983
3.827078808979918 1.9077308710186696
2.847494325946824 1.878954003566024
-2.602733486323718 -0.2264389818955772
-2.1287837375808936 -1.0985602102561274
-3.073725988788773 -0.7874944901953542
2.9962867702879974 1.5409521563492243
3.0018328266745016 1.597443438905712
3.3308448583111128 1.7836943916405277
-3.0815965361297235 0.12253701592658373
-1.9607151808865746 -0.1677700968850675
-1.1721700030720605 -2.3786484871546696
3.8685425534087443 2.4002665359119457
2.055601053209131 2.2675714418125152
3.6199889341493416 1.6616618081715884
-1.9705013333205164 -1.1555448709897795
3.032363124214809 0.9479335332378347
3.817453941538165 2.264066191864614
-3.9576057418812853 0.3672137347349931
1.7684287717871638 1.4080200509218828
3.8490796878844136 1.8202401777775683
2.5049924273739066 1.4868815244962126
-1.7941978304884045 -1.4790003454701222
-2.202500334946527 -0.19740333043162495
5.070951406402901 3.9244289682112843
4.682044829707921 2.2103573345830303
-2.8661752628801156 0.15616363183644788
2.2733138906985606 3.5066359010308377
-2.164551972118541 -0.50184098393834
0.9851288284664261 1.5404716039531001
3.61118868406685 3.0090371337853004
-4.450588582732862 0.7545225785885863
2.3874972194570576 2.7259776586683535
-3.3425228088215664 -1.9805066437922685
3.1310164689460516 1.5381125715847253
2.0050341408940375 2.8325985848299586
-2.491507723527602 -1.346419952126037
-3.855178492198339 -0.3866535006010896
3.845024606401285 1.426254657414308
-1.8185108879743144 -0.13416857124571413
-2.8767910494622764 -0.7634707521075923
-2.77968078997871 -2.6569000887622676
4.585511295672833 2.213752597338303
3.734316228105918 2.978641841162163
3.4280160113389684 2.3178810586315457
1.1529808744520667 1.3570174392906473
0.904096479432408 3.700191187537275
-4.232369557367401 -1.2574072150805502
3.073988989289544 1.0604438279642343
-1.130348783321062 -1.3634576620029597
4.019648786141449 1.990107121435825
-4.627093364775569 -1.3405176062359312
3.358358770161708 2.300775051394645
-2.7208843698767393 0.021532306405443347
-3.46050243997416 -2.2514218503375156
3.2344835364780873 1.6582806224728301
-5.22973935388115 -2.820447017384904
3.193986325403079 3.3412277718727124
4.213514055604433 3.3577283876178967
-1.8207792604686182 -1.065578016370162
-3.2022097980922313 -1.6229781554926213
-2.714141401428902 -1.4831936989793675
-4.797705071579044 -1.3066058824781968
2.944230197677622 2.942756467261687
3.4674214886328114 1.1573486933022148
4.217788151302867 2.4661562581609764
2.053160598892042 4.182903040578319
-1.454297286506789 -2.9005686910697883
-2.5436293629660165 -3.077769468947948
-2.947565130594734 -0.20411991851879496
1.7792152027593766 2.2909077884655176
2.713304723132757 3.0139047828409526
-1.98601205379363 -1.837388819364988
-3.309710104036122 0.924741844183709
-2.4184881305706343 -1.6919617132000213
-3.174879113095029 -2.993068451078103
2.4569263722540864 2.981794554063056
-2.655309469956345 -0.4281125165494708
-2.3535471133518984 0.901187706905205
3.853008298513436 0.9549552200255993
2.8025099177417414 -0.242361890633084
3.2541069987352906 2.5512779826705567
-3.129530493299406 -1.4529486576503905
-3.65231313392448 -1.9072177568816766
1.488364391609218 2.0495801174420643
-4.178715822723414 -2.253552110646162
2.831020938345807 1.6061810572448696
2.6313927546075515 2.3367174923088
-4.809401881833988 -1.6715547848499588
2.4517316174963857 2.016142888399924
5.288734800298666 3.7527153294478275
1.7073805005240843 2.200369673504717
-3.468951040242274 -1.8988413670637485
-3.172373758389534 -2.373030580880757
3.130042466919109 2.263504076058856
2.13001497804027 4.533225294768831
-3.555479390087313 -2.719559746222772
3.2386871349035347 0.6925438491506026
-2.182005865900084 -0.2925011593388649
1.823504428161165 3.009654358398619
-2.2652981427468455 -3.465685863360716
-2.459384569326138 -1.7425011003227047
3.532946842020596 1.4335920456570048
2.3437264847284287 1.341234143417049
3.52750273218021 1.1743256955703587
2.4136695479629484 1.21101184477857
-3.0539845984271095 0.47743893279376004
-3.1384782305507564 -2.0889723755254406
3.1709884822046166 2.724544097253442
3.7356218986260803 4.127191593251398
-2.6505963031128594 -0.938642651029205
2.5427457446918384 2.9185540665415215
-1.6896127681986446 -0.5763720894651295
-4.958596252734736 -1.4846822034658183
1.7437982121221347 2.411954180867585
-2.924705701932026 -2.5812420527795035
-1.1648393435695583 -3.1549464270889365
-2.2559977304309244 -0.03200861520126974
-2.24167109583842 -1.711487680407193
4.002697148980664 2.5472969447198186
-2.1792323583790423 -2.5519639090783226
2.206724900733569 1.0671365608917336
-2.222100212191468 -1.3419023788341822
2.489267650372642 2.2520964481868617
1.3064032785702981 1.5045900631900184
-1.982023477190654 -0.8733943503636176
3.476070072790067 2.342965623940114
-1.6539489014061508 -1.3304537968297563
3.1207861204645164 3.304531365919324
-3.7656010593609754 -3.7999372790393817
-2.998603420770471 -0.8042649392087658
-1.0590646830834172 -0.7413477305144623
-3.9963824723124763 -0.8930443114388711
-1.4494611689289825 -3.088206960592367
3.5384145245130845 2.8821980496161856
-1.5768947563694564 -3.115308814341466
3.824869142072491 1.4010691099674841
-2.5838926088665093 -2.533561708764415
1.7271221100640324 3.127864189075577
-2.341378711205616 -0.37355907690952883
-1.209961457510533 -1.794859803023604
2.3570544554869293 0.6018389573099201
-2.9607751442650687 -1.525566178227777
3.806061273518016 3.1884362364996943
2.1552876560406844 2.61578218908588
-2.534908207347533 -1.994135826712645
3.9767539642521013 2.0868002507493517
-4.440316855782722 -1.0035983854739954
5.000466907883701 1.6259184617306182
2.0540586340780296 1.4037810783298965
3.7497929783876796 1.1689310732507072
3.4245179433982207 3.2594790952973876
-4.455519076616479 -1.9459211230439544
1.7217047182205578 1.752079240506997
4.969996511868679 0.5664738476896749
-2.183178628681501 -0.6030714845254778
1.7678575616244734 3.703930899630181
2.310052948897913 2.6084182816794463
2.933788416606882 3.8322856268547456
2.380110406384751 2.044748350247216
2.7909782883981937 3.640852652647339
1.488443911423954 3.2108475990587806
3.427042651111217 2.3213924779279402
2.969207872579284 1.7127393279314047
5.433465294403821 2.594818163958443
1.822711918848692 1.532676847709198
-3.67086434970546 -1.7286382822813047
-2.1060039936712203 -2.6814066224060364
2.190039171431679 2.660242501111685
2.720567563874769 1.4993460561634975
3.0241616987779976 1.2415895615665904
-1.135291801183079 -1.0377156217175634
-2.2728101836300882 -0.41344151222835956
-2.363400232647997 -1.0512114898924807
2.0798741842444617 3.5378170924880687
4.3076230053421956 0.8371752295934358
-4.915707656028111 -0.6985200267618396
2.1315767205465836 -0.27082201793814953
2.858512413801972 2.7922891491312822
4.405064463038297 2.533408727404659
-1.7177630181709873 -2.789651905655141
-3.7942152288866433 0.9199079516938553
-2.0981842447988632 -1.4869598664725188
5.051026630192505 3.12277917254378
-1.1262576493048926 -2.84465857584207
-3.150446022511668 -0.012467764182584995
1.7923456412098862 2.0928551516035143
-2.182837680598384 -2.829038778208356
4.717645822906788 2.605033465509684
-2.0721131296794577 -2.841382078839459
-2.117273120424844 -0.42655267172273503
2.9329815691595793 2.756363809479984
-3.287733811231743 -1.3534189960955632
3.28375157471873 1.6095610735487407
-3.5816663092052154 -2.417180119647875
-2.196684535735901 -1.3028751733423005
-3.0326977120420238 -1.2449798530492793
4.193999115253292 1.4077876089334411
-0.7120709204890132 -0.32891330235201044
-2.680703063995118 -0.9947407075502788
-3.1008510509043274 -0.9507156986539593
2.0012548631132305 2.3244454895011777
3.3853033682231177 1.272174806733139
-0.8495593165983781 -0.07074609733894688
1.3541564640825519 3.329277374179152
-3.3804260775371913 -0.3685395374784294
3.1632838682950744 2.3174447429414466
-2.5156588589078392 -1.0612638363604514
-1.8991716797017593 -2.1093697987651416
-2.8057279248191516 -0.8900226233325319
-2.6868761973055793 -2.91297679169312
-4.415619745882706 -2.0261909044203907
3.715531216128192 2.6556763043920255
-1.1006913104035618 -1.1051656693802663
4.65695511449208 0.7329309871157932
2.1622663700891884 2.7395239068987904
3.411739405223969 2.473562536384335
-2.090771071880505 -0.8484213811561838
-2.479976955618023 -2.0794329307657167
4.038534886195566 2.1587769977210285
-2.709794353582408 -1.1675681534127227
-3.7109774355207015 -3.7927152689949395
4.0490278854513475 3.104844412515536
-2.2903352072442575 -1.3747063526388905
-3.088791718665946 -2.10754165397129
2.927900651599556 3.876825945465237
-1.6152246276042557 -1.8827979972638007
3.625021030611385 0.972608961121904
-2.457747886829679 -0.6384739245033773
-2.0838450208756902 -0.5698270598513417
1.734595801817391 1.7839151021252935
0.8762319273785915 3.875040521253723
-1.4860828873043452 -0.9423253563120279
2.9722585223989006 1.3234582066610459
4.879106210217846 2.0842861977901976
3.568463126118417 2.0767028966014234
-2.482824252950454 0.5049176689089496
3.44093255978726 2.124963389841561
4.064630980072622 3.148327968307962
1.836308038803927 1.2082972612629614
-2.2747582263666617 -1.7451592949540466
-3.147979962653839 -0.6105587396900826
-2.771155261430648 -3.2500330910943873
3.1782990369397375 1.3940901005431976
2.539082587018721 1.2550668249593302
-2.2853635435405772 0.8478202320789439
3.0555713742683417 1.3306952735494213
3.120691867662397 2.2926077356818686
-3.2867624397375184 -1.4104591756006828
2.097382341367733 3.2705850685759548
2.8467334943976383 2.620520795236751
4.011668164634287 2.5056074972163462
3.9887078743778015 0.9250055912106356
-3.034375761521666 -1.4656943953530912
-3.164708934360509 -0.6903745152769553
-5.512839051114765 -0.6191177560693343
3.818079902343767 2.393168585821172
4.060677856706846 3.468727250860567
4.538873256497301 1.2442866077450911
2.9821725520885396 2.7203911057374035
-2.5765969313278885 -1.4754291057652333
-3.105635381309851 -2.547905119182578
-1.5738747267555848 -0.1278395596901567
3.9424928521072857 1.1620936749981128
-2.9471294297177972 -1.184715695097081
-3.504799414716584 -3.3572543943337214
2.2577677052086997 2.2654538144810603
3.5876011226344517 1.3730606835541752
5.037331247257049 2.932449864374715
4.9088798214682985 3.538600031641942
-4.299903844208933 -1.8229617970894303
2.193862018576485 1.8841985351686374
-4.094830574274145 -2.8476713284941884
1.7945554492086315 0.3726951311960638
-1.4785686404159941 -1.036224230430808
-3.2327398326585124 -1.8592669346053474
-2.9479961830198778 -1.6581454795974662
1.3515770489133314 1.2484243560842416
2.137169322272002 1.9789674111976403
2.597223449756864 3.2912068409111113
-2.4133626767783887 -1.5762890016026678
-2.8371554380561 -0.6694589493726627
-3.767610101909149 -2.185286148562801
-3.1207092742708182 -1.6904135473091084
1.7582269718726358 3.5756749518599564
-1.5550325508290657 -1.05558828799245
3.8544178383789176 2.845387673933585
-2.296331553351137 -1.8939870999290125
3.158485647078064 2.740380528968185
3.3955882656920195 2.012310923644821
2.159528184863473 0.5052402992545906
-1.4735410852375321 -3.3787490627275094
4.619457032507824 4.056838403125903
4.6024510381449675 1.8888685167548036
-2.39440064747698 -0.0763938761481695
2.890723029822662 4.156694199538649
4.242427573042864 2.7360172648685874
3.7365667757277903 1.7313080566960017
2.9021269494171964 2.330784566448751
-1.6849035007247783 -0.6754194712710329
3.9141326918209014 3.451173302943975
-2.1689914501074044 -2.148439295846309
2.343003947560196 2.0454593277029267
3.1258663233244612 1.9878994524523306
-3.6358795464619336 -3.0944263200413116
-4.01077087402024 0.3728457917442143
3.0787100059299037 2.232250711868444
-1.913121115373584 -1.8015519343530297
-2.699090957938924 -1.7205721405685876
3.8004116825430225 2.8318814686211
-3.5954328077741646 -1.092985934936555
-2.8309954521331573 -0.889425948314424
-3.5424431008025206 -0.6186338580294136
2.055082732324097 1.901027280433613
1.8466780320751692 1.6483393690589088
-1.6552887166726125 -0.14323791086488669
5.024522514457259 3.0268409977044244
-2.4841387401995165 -0.6065530962203909
4.164011945190001 2.2110436803104045
4.464485017270889 1.677428744765424
-3.7430752264544425 -1.3668240362364146
3.4453826488318513 3.571414805764946
-0.7698429472317088 -0.8416764413896212
-3.6423620697461905 -1.052870532202093
-3.278665904612967 -1.3285957530842698
-0.6829980641859037 -2.3922085657252
5.002601446101206 2.06083200981561
-1.8795602505756328 -0.9906971854340842
-3.955407028712947 -0.514264309146824
4.08613067855052 3.1782422918511593
2.05311338250342 0.054682174146485796
-0.8345475936331348 -0.8820355475581159
-3.0417575159856804 -3.177882631082099
3.1665447674710725 2.5811810881945925
2.6668954843194737 3.559812825892515
3.517905243592304 3.316303641706149
4.192407377048392 2.4560248809536183
0.7513322814972074 1.487062304959153
-1.4105143593953255 -1.512687529586397
-1.3721219058754528 -1.4567954596621804
-3.3520988369697626 -1.5482598797521159
-1.6950543394463424 -0.8903077627431246
-3.482988838937233 -1.9671377093267304
-0.6710889612833189 -1.9319123250967372
3.2711130152118146 3.198661954698685
-3.055510288044827 -1.3837531494823894
-3.191648967043883 -1.7482243810757523
-2.15568540636513 -2.0991498621853184
-2.9143397625767666 -0.17279073828771985
4.219237571605968 3.625141824313143
2.8147976175392775 2.5192783524405513
1.8322304319754759 1.2090763644374236
-2.795167100952451 0.3514811912407527
2.0419981236358407 1.566593446015324
2.5908317016122746 1.6897837286552002
3.1733023931181044 3.4439858462655435
3.1644597078518615 1.7274837414056832
3.9432910020198877 2.061394292447975
3.0648931566529622 2.7974459958607945
3.6835745724579123 3.300592890968516
-1.8241058669652195 -0.6306784039392329
-3.0358421851271644 -2.238437616827359
3.4042051827239965 2.619615426841715
2.152631025031386 2.88190725385304
3.3667486209960886 0.9284001286955867
-2.6419064133123364 0.2984638402869917
3.6927074490039242 2.742295766491841
-1.6901853923088968 -0.6339777771626786
3.542649904410744 2.3348530384587463
3.967037832392249 2.3690097809437436
3.3470177254968885 2.4063905806844996
2.799326859846242 2.7353375752093054
-3.1529981184365106 0.15596290684293512
2.398305470644466 2.8058621596693176
-1.4114877092494795 -1.3403547112332987
2.778438966185874 2.8252487724151654
-2.153958377304856 -0.48268128318828685
1.9281770084930372 1.6134968916181416
3.463185516100151 1.4546761429694846
1.2035436349537338 3.2374340599812594
3.6235351524347412 2.500866063265256
4.452320802200885 0.3028497073036749
-3.1418837097597976 -0.8820138976794125
2.3625578169689163 4.125806626287421
-3.027878720296009 -3.1331777885679095
-0.7302391766813949 -3.241762629841906
-3.116004694186614 -0.5728239699015399
-1.4045440172271146 -0.5099482770915524
-3.4161746452569854 -1.5988681693484281
-1.794007889308621 -1.3753149631377997
3.739330262907619 2.741785920292279
2.83568586567358 1.7477854996312372
-2.5635423932769377 -1.019688044514117
3.0275891024305572 1.2171798277007315
3.769707509500577 3.724389217961033
-3.581114818738892 -0.834786384913424
