-1.1465881838559113 -0.24064089293006852 -3.322193529405277 0.34429199790524767 0.756706427481342
2.168443225490791 2.61634176158672 -1.7640150082366641 1.6994573897497705 -0.11669508636251336
-1.9589415684796032 -0.851985378442395 -2.3869942724914326 2.665771283467982 0.6990186219210446
-1.4386420409170584 0.2788471270941526 -2.527018511302881 0.6420985461141906 -0.7650286102543953
-2.476654370728341 -1.689862398828811 -1.8342360193952665 1.6017235946387922 0.7966165460260264
1.815785689473136 1.122275790639233 -1.6718568254435842 2.018016611176469 0.027133961413106894
-2.028174695815982 -1.337183396527363 -0.9065761273378923 1.9387297169796998 -0.5906310242972297
-1.0550588632332203 -1.6097847174211448 -1.500361411236845 -0.18878514406869074 -0.6652409443895055
0.9656672450384645 0.6273417868250892 -1.8318374434079878 0.7706459864434376 0.8322958834631887
1.5703165331388524 1.9703226746911455 -0.5488125715672031 1.9556572378009434 -2.641167800199051
-3.0025970870570253 0.23804158998792269 -0.24400797562947885 -0.941937534569405 -0.48977028315436727
2.402320536463643 2.108514615677291 -3.259189717487139 2.4521223189787986 -1.8317744164292105
1.0159265663321941 -0.1262604747427336 -2.2237357309911263 1.7783681284810382 -1.9227838233161183
-3.0008513211593506 -1.0674086953015514 -1.8860793104498976 0.9801946979400176 -0.7118089475884564
-2.3053236109112567 -1.3916579933440831 -0.32219759813694093 2.5379812115929457 -0.43042271222100953
2.3262104852117558 1.036702548311089 -2.16075135501481 3.108933743104542 -0.45612592354338277
-3.252932194563595 -1.9622425784652648 -2.7306484233297743 1.234699346652443 1.2749086126725953
1.9799540442591144 -0.3583133969769159 -0.6963662278108134 0.4759729356990061 0.2457902749103323
-3.040067934723346 -1.7199803795126056 -1.76842055770064 1.8137178986677933 -0.11321788659362247
-3.306451793094465 -0.4002849522390647 -2.4481373728183526 0.8253798412977541 1.5044864336220092
2.2626956761615604 0.15450574646719262 -1.567318795967699 3.446630756385467 -2.449238796872273
-3.32626946063632 -0.6707661589556038 -1.792348486328661 2.687201176960974 -0.5125281505577424
-0.2079479824820647 2.1776364622872366 -2.43350895442706 3.137382167006134 -0.9562087264815463
4.066135463461835 2.9226509639667113 -1.8781231315398565 4.48431175702662 -2.3869735348681806
-2.198654397977728 -1.985822601142192 -2.4904206911540485 1.6617635990774697 1.5105522400940288
3.1213077552806596 2.0659897247947465 -1.5036504721655772 1.5005699767548855 -0.5810576000457888
1.1572124826164287 0.41868790409306 -1.1560222192448697 -0.09354783801214905 -0.5733601216634273
-2.431550834980658 -3.9517969767744665 -3.0389136152728113 2.0314476970654716 1.2471947054400732
-0.32729870590597954 -0.5289148702539732 -2.5413283180762956 2.204092329248577 1.0947498159969418
1.0112112012442385 0.7684734550953839 -2.1918339863566403 2.0247747957634075 0.45229678248320104
-0.8693552027165243 -2.3916743668471696 -2.6175850928753017 0.33618942020067255 -1.4621103546083023
-3.1475011296225848 -1.9632452370877824 -0.7014545788373261 2.4257167065505003 0.4549991704400976
-2.2497034842340544 -0.7375739582981926 -0.6957291273036648 0.1276939214980337 -0.9664642723779782
0.28334315077122685 1.0591021322483645 -2.3058324137309407 0.31672522080134846 1.1067106990143536
-1.1727250066681647 2.583322164015331 -2.3447318068410867 3.161995782308555 -0.40305851376528945
1.0583135659833163 2.025897914057153 -0.9528627560593911 0.868292084190809 0.37419051601924536
-0.5270137338551648 2.462596646809668 -2.0239781547418088 3.384423274608726 1.740167546181904
1.630097937666192 0.9585869141579397 -0.5841352304089193 1.2752433672897894 -0.720618838149218
-1.9310426095674431 -3.967836223459285 -0.7508363072269086 0.510466380272784 0.013847382976372752
-1.3984731055060207 -0.9919080927357371 -2.104125275289624 0.910305048887367 -0.5821759883695903
-1.4821825102125752 -2.7884074175669475 -2.9539285908232586 1.0376250917396015 -0.12536638504063907
-2.2551391585197336 -2.1758256945370396 -1.8246950580347931 1.694226207835842 0.33139116546976133
1.5425069599095111 1.8463955221626052 -0.27013735658373816 2.4205299958587774 0.5014722311762678
1.9928326814004245 1.4656289777270806 -0.7489334324677343 2.696977160241035 -0.1383472647066698
-0.7949263960076449 0.05286819856440195 -0.2742086403688768 0.8375425442048902 0.44962830943450643
1.986325952213633 1.5383967029720473 -3.197872402791285 1.7804364908072603 -1.3922118486204298
-1.9832636636674414 -2.2120114666871737 -1.3753439002920351 1.2888341208864622 0.4143474923410745
-2.266788211175653 -1.1030689624590864 -0.30512783303543856 2.118392007406548 -0.08801040474032235
1.4297170575642888 1.22504819394727 -0.5035242428075977 2.2694183911123074 -0.6307273687215472
-1.0444010477535732 -1.1895894087179713 -0.26063206198253397 1.5502065215226084 0.33213597958351415
2.159042641910549 1.054506475832435 -2.2650618388038586 2.5002396792775428 -1.5330340337076767
-2.820643809697571 -0.9503295727381951 -2.337793684750501 1.8852181400164674 0.7514458859025437
0.4881582593354439 1.4777752833153976 0.034245392769353566 1.3954467584649768 -1.198302895621726
-1.843621695420112 -1.1679098609322738 -1.3444398973741856 0.4423066119579717 0.33299439535530706
-3.0302009339272935 0.07034948669867958 -2.035540971189677 2.1746628349169694 1.2180794973597693
-0.4882881897265625 0.4353324670473966 -0.22157449950590924 -0.8319063744757789 0.3829661538606174
0.8422900319860803 1.7247436187230325 -1.195353787279613 2.54699759323551 0.5302621283305695
-2.8994888688697733 0.37157272762372573 -0.9949030189317545 2.6361514265069603 0.004991000236552912
-2.2546961570359185 -0.285473801576996 -2.049802676785925 0.397541232027244 0.9426522788927856
-1.2286312161118642 -0.43315255459994817 -2.5200625264113827 2.60087606448248 -0.03082252286913073
3.009109194833062 3.081094810611076 0.12244141832734101 1.3877441335810783 -0.4597247922409612
-1.2697840444065567 -2.207161266147283 -2.287572928736099 1.3532980404137904 1.2507233021359645
2.133261868469521 1.5055530603024625 -0.4581598711514858 3.51000880344579 -2.01377488280667
2.4511964899868683 2.374935664764001 -0.6989645638587264 1.856636439921182 -1.8912216149707535
-0.09938631995786995 1.5611801937920609 -0.7840261279049124 0.8984853964540538 -1.332950256384289
0.7217671868164587 -0.4710800356335725 -0.940295602204477 3.2004143045937212 -1.2054281325580336
1.6555853506997815 1.1816319731836278 -0.9771529640913168 -0.02463866749405108 0.8207029804645849
0.39511848546538664 1.6128164924978143 -2.1119593221132864 2.432123788219684 0.7868529123632204
1.4749439051021593 2.020116116800711 -2.305506981166067 3.1466494668171627 0.12472255972780055
1.0778683444147465 1.7070712739033653 -0.4514764070291598 0.8251879047051731 0.3769667388129788
-3.0681660320660415 -1.8508230997351593 -1.7914477865003846 2.2467623060830024 0.4415964795809395
1.7537673200719137 0.6721368355531471 -2.0290491825136865 2.0225500033492305 -2.5946950478640436
-2.904892495463418 -2.735302598982388 -1.917766674316953 1.5702685158871648 1.6268845241781182
0.34498608863464475 0.7506614903077635 -1.6130891917447456 1.3465300589894666 -1.046002413114548
-1.90487866557019 -2.371074547790647 -0.6053870254072768 1.02170181835484 -0.015166531394423394
-3.2070750273251267 -0.7698391329088813 -2.5579184846464864 0.6734353589962216 -0.9444987650093879
-1.1599084070621113 -2.207916569529694 -2.539712649503205 2.8653195951929993 0.2795813034537925
2.7763867845469408 1.4313401339110075 0.29861989809073863 2.0806663853238527 -0.26825304305743014
-0.41664093415213865 -0.8456700763074474 -3.301127561398974 -0.36046589949565555 -0.2810271305699393
-2.2051571574122213 -0.970798643747556 -1.8715203251315358 0.8267624721079533 0.5203286609134086
0.1546767471620163 0.9782378327829265 1.6226979123517633 2.7740479141255463 0.47337559822690933
-2.6067990589167382 -1.4676513547236993 -1.7516749810805998 2.7195682640110688 0.5518381879018028
1.062559115689103 0.8878376134656174 0.100128353923711 2.287573054330147 0.13903213392843697
-2.560100154826835 -3.2491428402513245 -2.217518927799559 -0.38431675618065486 -0.4856092540118871
-2.1185147668348203 -2.4281089593507295 -2.8049867526438614 4.403380753768365 0.9110835534835646
-1.7374399217545724 -0.37475225858544925 -1.6037593971978743 1.4832269976281165 -0.6086413659425036
1.3759396569256281 0.638764085609571 -0.4965089404488595 2.0391414655633344 -0.27806501844914366
0.8885841716476843 2.2362315680741 -2.672317410849633 1.2834534788103815 -0.4325671254356196
0.4501421423762896 2.4998936429068617 -0.03215267048303172 2.4764387980542715 -1.3213502616070583
3.218336190748323 1.270135622129485 -2.535688547665255 3.3535869015653677 0.8809748143095452
1.7333198414113307 2.2391765913908297 -0.11122001424520644 1.839103402255275 -0.23792050310649834
2.042857458186816 -0.6810716296576533 -0.9573589983863164 2.915544136255757 -0.1867882339900812
0.10830368823536984 -0.9523152668768387 -2.394357852016731 0.9916909285908202 -0.8845463601975401
1.5669305895630563 0.9029061015989478 -2.409197266199703 2.926551633295931 1.3300826271305712
-2.1325787039962067 -2.070172264078911 -1.1100036101261574 2.531559447797444 -1.030879832772483
-1.488806436631427 -0.679658174579244 -0.8007234533974439 0.919090626154628 1.164521744181086
0.806674719472692 1.382752989304412 -1.863036242767239 3.814067679148725 -1.2645657372890262
-0.9683048991117558 -1.7581355578290465 -2.3907081386358735 1.333542015374891 -0.5598972048321229
-2.9347307923118287 0.18002789453245072 -0.9152063227741623 3.4208593801346323 1.3253076748865706
-2.5600066286133156 -0.796161740424964 -2.7853085137845652 2.1643427080128705 0.09112666887655138
-0.7325448502785905 2.3484762394807386 0.23737748424510485 2.960921960021286 0.15295702129978142
-1.386820660573227 -0.4770743153454583 -1.4845674152271595 1.4669233107742945 -1.1279246937216656
2.5415054699843402 1.9099108587347877 -3.2189384321669072 1.1519920346513208 0.7671516366145408
2.5378445206861535 2.07984459556398 -0.7509691221316869 1.5253917995556328 0.21294560290688622
-0.6076890157634058 -2.6039797814452195 -3.6014111178626984 2.453078353651715 2.278109255443464
-1.5670206720836526 -1.9251642807759612 -1.5007865897267543 1.6587476564388952 -0.515066011509079
-4.850160951887053 -2.571257634526069 -0.2955142307282914 1.6174785620385954 0.669332928313523
-1.9699669483405324 -2.391136895105229 -0.902657873084884 0.7902568384461269 1.0175887851200134
-0.8075760593393144 -1.8711619411411373 -2.6246391287117516 0.6714724074899556 0.40537276312817005
0.6862367431034032 1.7001435450329478 -0.8515276187158645 2.87574529094282 -0.3536129224703636
1.5496163152394795 1.9326634485987748 -0.7041043365187812 0.24017190144406397 -0.4846086777942933
2.4940810835111558 2.404594262483858 -1.2143735181344204 2.4424580917668877 0.34069437159598104
-2.5027347188216718 -1.6573086354762394 -2.2666492605493773 0.8923254281839377 -0.47985322666724367
-1.2780538233479186 -2.8825342013134616 -2.5779285108978507 1.3248760156761843 -0.9078967960103139
-1.5423815807375196 -1.6626938638131576 -2.2472992503541716 1.2715830933363352 -0.42602478477452005
2.6209875493906463 -0.06358021034758599 -2.2563501552079965 2.564314735901723 -0.4993878509430244
-3.3185543578312093 -2.182690077164457 -2.4563817354732405 1.9673563525577424 -1.2786629049952252
-0.1722708991219264 -1.1315476636514212 -0.5074817037326 2.338675324851459 0.4840190000123835
-3.4142091459335804 -2.32291403376332 -3.924963430608906 0.8955243406847442 -0.27482485030152826
-2.6228639678724757 -2.111465231725325 -2.2336932044779254 1.1504792380069406 -0.5414947665030856
1.0259850236571901 2.3823772853413665 -1.7653886768997604 0.42444216240105415 -0.520192327238166
-1.59982494547961 -1.6323721424571425 -2.4607813214217242 1.8404007935598041 1.5790427564864846
-0.3143865622642339 -2.1516420797273157 -2.341114229590109 2.1543064679673054 0.41896274035439945
3.6746343680387756 1.1839816649304393 -0.37495966897823896 3.1492714634707144 -1.1290654770432162
0.9276424212760481 0.714967014549447 -1.872109937692911 2.915382569672678 -1.9952688240565821
-6.010444866501524 -1.623441097687508 -2.885882165718785 1.8563047075510526 0.0944522540687517
-1.6365722685359652 -1.5314557601973773 -4.692033206784661 0.17442008842081624 -0.11791651273255482
0.32126588381283094 2.3478309253820315 -1.4294705096604126 2.6805601233768095 1.680281841917129
-2.0583720981181424 -1.2425331514453957 -2.0566447843588413 2.265898971397345 0.525412049099931
1.8450121098876908 1.0676515883162372 -2.374120774750371 3.7978558515895986 2.137821228297657
2.127942835860099 0.6812771958935864 -0.3093340485946128 0.7316885023039221 -0.3656017828003979
0.6249130357857646 1.1833577014370087 -2.013592285874312 0.7451845743774852 0.9833314933568255
1.817606028878644 1.5128179566330067 -0.4723439627845566 1.0255774865782283 -0.31397943040950155
1.1644815385201266 1.9446101652653782 0.667682521861702 2.7324742099916777 -1.030931380072741
1.163483331227261 1.084875276927212 -1.891924393510111 4.107033834675794 -0.5576279483855544
-2.9821144650573133 -0.17867111116956602 -2.423308148006744 0.6144048158941096 -0.5884386705004638
-3.579150644581988 -0.08660519108148379 -3.0516067540471656 3.850444557476889 -0.008570029687935743
1.9904753021459904 1.8635537763161025 0.6263939958759905 0.7719187957614682 0.37767618950886583
-0.7552146951852803 -2.125282180097491 -3.362441924102945 0.8900389919057224 -1.0123409808557013
-4.1912531446990835 -1.5133500240946578 -1.941139963340336 2.0034842354901805 -0.13619889536393576
0.3010195668143131 1.4440922287109386 0.14807715813880162 3.9886465301410343 -0.6552132432603306
-0.8009405417185529 -2.23094932270464 -2.4764775509173944 4.783924076949335 1.5107258756701578
0.8320084165798288 0.5448905507521159 -2.5579685925557882 2.823075143002955 0.9808998636134062
1.7398731375550325 1.7734000595890889 0.9207547325564176 4.715600397823199 -2.0325722999937685
1.1519483674478947 1.0115972624129501 -2.1553229858814884 2.824311078022905 -0.7056593541297391
-1.214573070025366 0.74488222075708 -2.670648511425104 2.657772957661045 0.5233830121253342
1.8620979100384503 0.8102162913042849 -1.3539305099366206 3.25730734584144 -0.668160952621652
-1.837101078433629 -0.33252632046446917 -4.122297457018028 0.5770752559637535 0.337736823353081
1.5751745782738207 1.918767559109798 -1.1290861548534887 1.488665108098896 0.867352447358343
0.6089132081731631 0.9973487694815242 0.001254608779572619 2.7129929991643364 -2.5020994073801592
-2.375792588126009 -1.7619914516618278 -1.510701564176705 2.062765964294032 -0.5629238614022098
-2.863466889734207 -1.2862125148192127 -2.481349565085507 0.569757869690664 0.4191097741012212
-4.338190566184241 -1.5022726677616642 -2.4074365716590984 -0.6741504234734221 -0.23650833859058018
2.4136782111871806 0.020584423117713024 -1.0312577004464092 2.767135740750489 0.9637575829637087
-1.085408168667371 -0.31108383751720636 -2.3222541876344356 2.860636789959033 -0.5744115201669155
0.21156582688819037 0.23756345611373741 -1.6256430919799287 1.8846207512565523 -0.17338910113689085
0.9784389450101562 0.4449148086484819 -1.0000595450655412 2.2493755383520595 1.6107841487879837
1.3675459948227648 0.27620419719547273 -2.2002045816309135 2.1683981730503383 -0.6769610225423008
-2.299867633976142 -1.2504465704987293 -2.694226561655328 1.0246023566218607 0.7594096668379842
-2.52795639029681 -2.7506205412821423 -2.4084654445053593 0.9055049350253708 -0.4709657446892664
3.3619949892918983 1.5834648937421814 -1.2202844284773398 2.4533468289449023 -1.400757499931249
-2.802397289983941 -0.030066074211610117 -2.7366513726503943 1.331460643286203 0.6324724260915124
0.3493140557302482 1.5805446548203477 -1.6253457570893843 2.8346884505552534 -0.7497985836112003
-2.2474974836939987 -1.7938628385190278 -0.10119690082217847 1.0288275827075286 0.19261894849863964
-2.3656044113098345 -1.8651240048521682 -3.3395466008391943 0.8204123012083966 0.6101939035611821
0.7001324637362374 0.5941309996334906 -0.6656018884818913 1.711946351702041 -1.2572797487035725
-1.8032294160561477 -0.5278728450599613 -3.5344132712792247 3.231093949858854 0.1979580648937806
-1.2910755415121202 -1.2869622362160806 -3.3922230858174487 2.06235530500682 1.9770270069447686
-0.18669091992184805 -1.3491841693424962 -2.1773861763566944 0.6102311446421189 1.65755070227758
1.6196218832655118 3.248098615497909 -1.430987328190336 2.8688926245666337 -1.6735675317014533
-1.2598601907673301 -0.7512136060986478 -2.436865024674113 3.078026036854016 0.7487497405560795
1.5281683151838044 0.31341077123839134 -2.0414925444388476 0.27315276310057923 -0.5924210466807174
-2.992233560279274 -1.0736927555669096 -0.8416058259625445 -0.1846144359615307 1.6258508574192283
-0.5978615700725731 -1.876045722554937 -1.7689433592289554 3.7908683004677224 0.7675727116117239
0.15731054609606443 2.3207761555320907 -1.6481555240622372 1.856141180859219 -0.015381753253820421
-0.7957369957490403 1.8558422184469172 -1.2247676637575795 2.274892120556106 -1.396236499636759
-2.0688660529882337 -0.9071453562701747 -3.6859153629487538 2.4826168063502068 -2.1634872273001426
0.17776784007702195 2.6953011367377666 -1.6308030112800185 1.3642575222482147 0.4304118577050463
-2.2013568667539936 0.3149681548776406 -1.7266099325186772 2.9075509093828185 -1.458408992333992
-1.9144264016033992 -2.4488240871634357 -1.8029781244321355 1.3787440226152015 -0.0451983184508748
-2.352894294921366 -1.4230517862762415 -2.6601979837134793 1.3632091637098505 0.6042802144568589
-0.6523737499525244 -0.4495409984897625 1.8443325722976056 2.0605115420147704 0.3975130548522994
-3.1806044732312664 -2.5287188103569296 -0.6464837379866513 3.1296106174211387 -0.40421256795578225
1.3480234227553944 3.445427711158518 -2.4165485884224682 3.2499722023284647 -1.9993338399494915
-0.27185181734619235 1.8661414913329184 -1.605741390344996 2.6037845189934394 0.6732195536648548
-0.32250349239352927 1.6094552078314917 0.3527933207154965 2.4250701246515134 -1.5499879896113555
-2.952953504315887 -0.2088552217638009 -2.603643516597248 1.6998615331766864 1.5864678011879279
-4.5597531750170734 -2.150231014971566 -0.8876470558987195 -0.1237509057314734 -0.3570628474761461
-4.513610642962938 -0.4127718470340941 -0.9798630870417515 1.9004289441869042 0.6094863662221925
-0.6267015019267186 -2.7361800745914273 -2.344442597179272 1.6525632081296389 -0.20015313332318102
-2.2667900355574795 -2.1960827663439213 -1.727357364148963 2.8184243438976204 -1.8294307041805193
-0.8864939404101035 -1.921402499728816 -2.9057312715580657 1.7654677964906684 -0.092255139979593
0.7095847840971261 0.8013020090660279 -1.5600222161506738 3.0076023267875396 -1.8614869626183546
-0.9509142211627533 -2.0529137087014573 -1.4428653827875775 2.645271290026023 0.7838252299545725
1.4804505298875679 2.3036853987712584 -1.8683896784390956 2.026459230436367 0.45832149079947515
-2.038158059809908 -2.0884893108366946 -2.347362613282994 1.0151385294537516 1.0209090336389683
-1.193990380510177 -2.4187620534281393 -3.5729277283306313 0.6109079259274437 -0.14844182138270945
-2.139345155661618 0.3502630599117851 -1.6370087174043253 1.6392117418185943 0.9173895349236898
1.8063579455007486 1.27060160124496 -1.1326226860208652 2.8029638581626872 1.7685814007420344
2.7425791365439083 0.37370970144488824 -1.8875088337820687 2.3383383785375345 -0.7952762376439213
2.0313247226705298 3.385682766403704 -2.316886022687706 3.628459354973989 0.20817035439573148
-1.9908143285688378 -1.2586967679501544 -4.304474968179441 1.7398783078914632 0.08585425793535027
-2.584815584373172 -0.985821018407111 -2.99976026288752 2.8205207671515478 -0.707750698605379
-1.5143131123623172 -3.0106708539639464 -3.0870432159863554 1.6773497682435499 -1.1811010495189358
-3.9831140830961265 -0.43715338460074293 -2.54112290376176 0.9114328682463082 0.6712842657931353
2.1128213182421236 -0.57277464461635 -3.4551064954789794 1.6114549032573189 -0.23820400434855413
-2.503794593258134 -0.10599454691937527 -3.531489174249222 -0.37894725620837066 -0.7877988056307499
-1.0246619732300262 -1.3629862710802851 -1.3370346887822202 4.0822623912994604 -1.893950213830068
0.9073191762630162 0.6202350907157013 -0.5173780742263552 1.3035319830452146 0.06015291394699723
-0.8556090470820086 -1.0994320794047865 -1.223100817063216 0.5996856917994668 0.7356123948582642
0.79036009259318 1.4912232045832547 -0.8000240071083209 3.072347654256568 -1.2672311282932822
-0.7133244234603056 -0.5310658284351069 -4.517805637364208 0.07088914171510274 -0.05611026131525754
-2.22316268347465 -1.2721669655221486 -4.009060123652199 2.8794610283891418 1.9160567713408991
-1.3231261009201458 0.09465015635170215 -2.2491761778120134 0.040166273948412545 -0.08916716148136034
2.195847916224719 1.5660522256375624 0.05528257603289921 2.449464595131654 0.8785036730739988
-2.0722866788626813 0.06334989786312017 -0.43019674363168114 2.2671615449188947 -0.7186472881012409
2.8828244055410215 0.6382365898559876 0.1650600355942733 2.4465098268284686 -0.5634228713290131
2.1132213562617705 -0.06655406475015613 -3.054087190653106 0.9344424621477481 1.8988792176205993
2.593949836899836 3.6800750863339307 -0.8005563671059754 2.0602258914826304 -1.9652959374481078
-1.76281647718434 0.21905160085816222 -1.0617759385868908 2.0345038966919304 0.8912951117078747
-0.7397899953403657 -2.3437381669503514 -3.7401700896805563 2.9944574640665698 0.5832420908151266
-2.1475794847554694 -2.1378327393698116 -0.9611882849047073 -0.5898802853783187 -1.1367316609039335
2.393778708430766 0.9349225823370488 -1.4783079767371836 3.0242622075101924 1.3238971313198364
-1.0405616416151646 0.006405384224932531 -3.670487346050726 -0.4155824801063388 -0.5003823562933591
-2.0683069643249086 0.07827877322826704 -2.0360410119213435 0.8494462262171254 0.9883145132841451
0.5749017349615153 0.9462931791111459 -2.543057395349617 1.8068305037316323 -1.1559873314835851
-3.366755625164717 -2.035409855230059 -3.9991085310717787 3.754493234735085 -0.340541277697122
-1.1763562892894295 -1.7628803495921703 -2.3410094518078433 1.129012225907164 -0.7676470341746406
0.3637585010244344 -0.8121025801100465 -1.4392041228525692 2.4371562551000863 2.062845669710012
0.014645679779574872 0.9176361677120817 -1.6876018307846485 2.851164540948376 0.5884349153782763
-1.965335800530383 -0.23826251917106944 -1.485430679651484 2.4783151818539255 -0.21103275507261704
-0.9602254591039459 -2.4389590020593497 -1.885486032906561 1.8485498757082024 1.2614311601113835
-1.712236115004444 -1.1039664988914673 -2.976924515763779 2.3747540378856318 1.9994933973741404
-2.3192553394259345 -1.7878042637889429 -1.113730447037706 1.1844475742180323 0.6993754047330759
0.20659498142908916 1.613761645281451 -2.5088930819766455 3.079944884263288 1.0694333444225599
-2.7980400275680553 -4.567216127261891 -3.043716290037085 2.190342697600051 0.8949127704302815
4.033813404541371 0.8524396800534819 -1.7474647679414697 2.9056571320197797 -0.8844083670639912
-3.2324028360270125 0.48833174469421836 -1.107065391183603 1.555734297142909 0.4511708115673584
0.5613961438980419 1.5552430630671872 -0.5629771220877846 3.1086154445414307 0.9325171131281876
-2.2588936941846645 -1.5383624313568738 -1.796079542363651 2.3528564415724 1.8412724953995852
1.969213162763181 0.7300942766074751 -0.6373191249862975 2.638545377412051 -0.8123065515600413
-2.378864367868061 -2.471318096591946 -1.4334643682385713 1.7338024334023403 0.3216002637248014
0.34682826691167423 0.3532785234105793 -0.9726831612484081 3.3824065482127206 1.0068454737513826
0.13940858964464442 3.156043230601719 -0.13342591433801787 1.9382814276224356 0.2716385350853605
0.886223841057961 1.672652559189629 -1.6881996359847382 3.242571847488602 0.6759638932967295
0.4629715392455942 1.7090654488256065 -1.210854456694066 0.884793008066328 0.88012149351593
0.26851019611271765 1.5128907533065872 0.24704265268714365 1.0931974244897948 -0.7605146254308973
0.3618985022308674 1.0588415891884695 -0.41607968007804785 2.523171831891212 1.0989388164010538
-1.8571829965789273 -1.5973617808772853 0.2577161160482633 1.590416370337436 2.0091427358332563
0.915951434015799 2.6405159114854975 -2.5178785344004453 3.117950486651561 0.4821026421123378
2.3168171690801884 2.4992117984466127 -2.974517974679843 2.962546994804737 2.5487970860043796
-3.1622883543408005 -2.4022950961992047 -3.5158716737916222 0.8247203395804575 0.9097555157217547
-1.2671999727239665 1.477680284438074 -2.7644991739446185 1.0154837482302153 1.2754409113374188
-1.4527581183847191 -0.17201730838288665 -2.240610047992343 2.6101140367905638 -0.3519885410154227
-2.4249231546423 -1.3181240417730817 -2.9290507854631134 2.4170967647261015 0.7014333796046606
-2.3184701357106885 -0.584323012627554 -2.413574453641131 1.2310387014694397 -0.42568809766187393
0.940576909252103 0.07379028726869263 -1.042343160955737 2.9298846190587473 0.4221044114315238
-0.8970205198315775 -0.5419822350448557 -3.7519201693447406 1.7100204776748698 1.6753318788680973
-0.6312488436457317 -2.2858292844045742 -2.690653608767717 -0.8193226270964731 1.1308643801562996
-2.17924415700627 -1.5355071265707156 -1.9276078087446682 1.70966198865718 2.3845768506610314
-2.8225786093851313 -4.50806342089779 -2.645567566085889 1.26824450051564 1.8721712460186872
1.6921126306767702 0.8572791431632829 0.703933639840091 0.2011903363020595 -0.03788582092812338
2.8393654684557394 0.8743214683061237 -2.375002334997837 3.1682440014914044 -0.7368272776664914
-1.4317066526161688 -1.3274674287228034 -1.6316167035271207 -0.0544238686583991 3.3533955881832362
0.9671192678549498 1.5041456010024736 -0.9473971460280354 2.274977653199937 1.1530552174983677
-1.4628591510921103 -0.5254554069152939 -1.6063795349901406 1.2842326668264055 0.1320594267571742
1.2815979175492072 1.3784406051698626 -2.3152977976286433 3.8193896006811032 1.008718350475103
-4.412076887595007 -2.4273618391001923 -2.0137154206479715 1.259994192089749 0.8772677312895023
-0.6520167982279876 1.564224599367987 0.7694003948122135 2.2644527495975173 0.7138768604847247
1.9561059309600666 0.724373446191857 -0.8544799209161571 1.1027870863976628 0.6362391952625169
-0.5645295810082445 1.9902671071172204 -0.47309748814625185 2.4777373392165742 -0.160405323287386
1.213420809608115 2.588235817457427 -0.7119271077481639 2.6182150371375212 0.669502107440188
1.689768865668289 0.3028573387670255 -1.3420869196654142 0.8585768863850354 0.12878786024996855
0.18781116789127683 0.7715237981641774 -1.8844418621816548 2.9030887528071796 -0.7646648112052847
-0.5549288811012811 -2.919141912025879 -2.449115383469724 2.0518347065610176 1.343889679028602
-2.3447887191464662 0.4377536198755798 -1.4927157130710413 1.5004433038350982 0.11737463313773124
-3.5673716407896787 -1.8209426685795944 -2.845295064333977 0.9358953989003529 -0.1460273117624139
0.7068863166396566 1.2573903006197562 -0.41179709214545535 3.641150256602982 0.9089249111879182
0.2280376916829967 2.0424967676636836 -1.4263213424439467 3.642888642762058 0.8839353041741582
-1.0143441265643154 -2.6964124091580564 -2.895649163706133 1.7712214363300274 1.3501272609223496
-1.125502822772696 -1.4488858023254116 -2.360757448925703 2.2976859297743313 0.2309122844934413
-1.3453298692716085 -1.554728154106406 0.04771612646535939 1.9350942491213936 1.2974582462857813
2.372808896975501 0.5188093164436116 -1.2685331056562397 1.9564688400648746 -2.7531786736604476
3.1001455669223104 2.682364919280662 -1.7240086746434609 1.579563647062101 -0.8552468681174002
2.6520380611658867 0.8668711271833895 -1.605384290924082 2.1870004591825425 0.7442017735865829
-0.625295941724326 2.535219810924295 -1.356462690130869 1.8082390683108318 0.4100043524984269
-0.39297356589490606 -2.290221671563052 -2.3338623251918733 0.9596995493194321 0.6921531257440147
2.227894369853354 1.302958183517345 -1.6013715460324778 3.388358182973077 0.6897844054195065
-1.28693960284194 -1.817980258551048 -4.068677853240808 2.9612313412437667 0.2776127491852655
0.040524921826939675 3.166294573524601 0.2538117120419927 2.3554157910174944 -0.7869337697710908
-2.8836102311103646 -2.5860574975505077 -0.7252556346684278 2.0805618015487846 1.4715815849094527
-1.3795402392985179 -0.9895233914324644 -0.5093749446681759 1.8851551761899537 -0.8311301750525886
-1.7176112306665872 -1.3058108531132326 -1.169592958031834 2.86017902366034 -0.2567923569061245
-3.8700757663657885 -2.459037335669402 -1.59849597558869 2.630353016384343 -0.18079628622975852
-0.4116871682798309 -0.41692431465842406 -3.1738117555709593 2.830405410484008 -0.6127781092850565
-1.775456922293556 -2.516212073248556 0.3367430088678831 2.051238791282845 -1.0845708194320518
0.8738539003473291 0.1927174738865649 -1.5977430095067813 2.986912010531328 -0.37546318451244065
-3.4203348610761104 0.08551323098573294 -2.1054679030817707 2.6042381714216933 0.5199927559051809
-2.9483346258072487 -1.5355986695030233 -1.4312830407030117 3.533155374352824 -0.3454357327549252
2.6268684614006057 1.6425916121562076 -0.838069922335785 2.192987368252193 0.9266069089867642
-2.5424989425811897 -0.8523299142180607 -1.3022943475296567 1.0790957463758093 0.5629658503029826
1.0171147567463719 0.10872859916136202 -0.3399747445063642 1.630795810686442 0.26654162287300187
-0.6123079775525553 0.31200690038004875 -3.2203377051764153 0.6227373766155162 0.39802717078782335
0.6238522324074915 2.116554628820965 -0.5794805003781378 3.485488773718635 -0.5237414406945947
3.8202719448034372 2.163101108147784 1.2918603187683384 1.2228593409550905 0.4881825990905653
1.5796485954679262 0.38149864756807794 -1.836616059413903 1.4915084060103774 -0.13768288340866577
-0.857764147108274 -0.5971923967090984 0.35108691529275715 1.0222585255870134 -0.07528216750439676
-1.4719438218851904 1.9614237664301042 -2.3913908204183083 -0.5744979188623289 -1.843818855647842
-1.3579120071398822 -0.6643303227428822 -1.7889474490761927 1.3650804263467646 -1.4493236163882417
-1.6764629195131229 -1.7683329023289482 -1.3909529317781129 2.4603582802980237 1.78265896092627
1.78555418516686 0.8736968401729059 -0.7257411971908383 3.9442218327210563 0.3447767492550433
3.8543519639610064 1.922441144405263 -1.2292822311388172 1.5313604701517596 -1.8478562764076458
1.1992169673993307 0.5380833134898283 -2.1211848346627207 0.9682852943381941 1.2285094652692206
2.306801223228379 2.1799658337844416 -0.27243337339531504 1.805032620888356 0.23416424876938927
0.5541881037616846 1.6676302080675185 -1.695158709281555 1.428334424556192 -0.7852975529767582
0.5743297897193466 0.9178022921686824 -2.514456461248983 0.6947030350816179 -0.5777068108194354
-2.0552387457862147 -3.452161094065242 -2.5573624059095623 2.244776793379182 -0.412694814317979
0.6877941931261948 2.634412119774331 -3.512600961956551 2.2711080180037206 -0.6037976618914846
-0.44647344936869504 -0.5071240983987431 -3.409249864559828 3.0064872003186025 -1.768714409747222
-1.4221925677863831 -1.6348910615488688 -1.886775722676839 2.8605782213284474 1.2696805533438917
-2.8544789152075163 -1.8121570052279226 -1.959614468916023 1.4020501407620878 -0.663160715595974
0.7792588161235015 0.6288461994439463 -0.5000482329546487 2.0096384679797112 -0.29916147576983815
-1.4450029652022733 -0.7127172462489922 -2.2516386099499863 2.9015629743240066 1.6488841800960328
-0.6257507442873556 -1.1139525201380602 -1.0857845480736596 1.3951571570572543 -0.37435094843967326
1.0493454652984247 2.7376915502811485 -0.22762363107012185 1.4071220607638806 0.31795690229150364
1.0915222862933112 1.0844663669564067 -1.1723814057862834 2.2757643800076974 0.32101855005377555
-1.4183537094743617 -1.4114559362453003 -0.64748325626547 3.4629504823439756 0.626783067395338
-1.919692322876218 -0.3214636834383503 -1.8317979855590998 -0.0015354594944190225 1.8205972685299814
-1.968881620227904 -0.6218380650317766 -1.8768542571791305 2.076583120263032 0.9313901466136243
2.2641054719014493 -0.1903866955621636 -1.4433559957871416 0.940741401440111 -0.5357880189615497
-2.3717494273985515 -1.523800410971266 -2.386456423725288 1.353188878325379 0.8790589741331531
4.298671189616879 2.115623677684898 -0.8278967473635932 1.3920806386445024 -0.7025993399983911
-2.941281451656235 -0.9855802819512489 -2.679681948291869 0.9703512534924273 -0.9847865831123797
-0.12665415142166525 0.5888172110681137 -2.2080502315845796 3.2823340574957065 -0.03046339286104198
1.0434251778007466 -0.6147791190747021 -1.6131409312326124 3.395934127376812 0.580398439432594
-3.815514783126181 -2.1977243249338994 -2.616301237055472 1.3953327493106948 -0.5281055323912722
1.6796084218844678 0.29694985659407114 -1.3700510967261759 4.121365131874275 -0.7317940877798343
2.1452315621849603 0.6395738580099414 -2.230804669189236 0.5127893790148681 0.7895862394844292
1.2184388919730795 0.28809992619375757 -2.1057262559921037 2.087130354664219 -0.4670721226833723
0.223344082954417 2.221894308997016 -1.9588668697424998 2.5075989334733273 -0.2748132245727438
-3.0135046119261473 -1.255407855309049 0.43429970331872525 1.9207662385836222 -0.4615234736903547
-1.034857059005751 -0.5697729657878899 -2.789251095316742 1.0146656668451062 1.3185481461186133
-2.819887259725304 0.2520989590416758 -2.3942636215127324 2.6532567747434443 -1.7117254012078282
1.3303147915569258 0.7480198733450564 -1.2024203742486899 1.7398244771832179 -1.7052808238239765
-2.510666067831579 -0.5380464967735127 -3.917141204506749 2.586440472991279 0.6437976498016482
-0.24164296847985134 -0.23362477740249044 -1.15289859998855 1.9928809497995466 0.7039898726029831
-0.8630384004278226 -2.7379021729293362 -0.8619150122785424 -0.18202009416498277 -0.27910822550907205
0.6397416583671607 1.7018339304557837 -2.590418310354515 1.0151168279156557 1.111044459803092
-2.4783962261742305 -1.3081681866526715 -1.8581975224488139 2.0811474170512096 -0.02761413462931825
-2.668262579473427 -0.5598385347077868 -3.647602554629496 2.153647682083328 0.11976089650144256
1.920860036791372 2.006513707322641 -1.8693069048308377 3.520509816615803 -0.44026758269004074
1.626750818469832 2.185502888418548 -1.8883497079133882 2.1872810552204376 -1.7124506207010404
-1.7159043954548023 -0.02556077891838693 -1.5257733570073682 0.5658120505813495 1.1012948996116987
1.0290032751921963 1.1211509759037996 -1.730725248322606 2.756342446909626 0.5237551037344447
-1.7252292380295535 -1.2517258121237484 -1.976732025790286 1.713707645069494 0.2705012825125666
-3.5761095994182854 -1.5569512413501585 -1.1775856353635108 1.5259898274477763 -0.7700748188388935
-1.768898765660514 -1.0087190423077999 -2.4668309704241755 3.199684777694925 -0.3281562609891549
-2.734070572364079 -2.0385023798958857 -1.0787955123461868 0.7579849529821174 1.3601686016806684
2.926585215065589 -0.4392888111026174 -1.052922196991982 0.1265489066760499 0.48137076176900984
0.32962015767485275 -0.5965019996453715 -1.5223962405312785 2.3396972491345593 -0.37040402500228164
0.02668957636729896 1.4133743002621757 -1.9569333938607079 2.532091613618924 0.4730644325934412
0.8119885602964376 -1.9015883087245151 -2.309349518572681 1.3498808094694157 1.4529323090848398
0.11292997324604603 1.9407726264024778 0.22784423207224802 2.549724886206481 0.14771779244801092
1.5953097495077624 1.68403602606711 -1.4629364872305572 3.6990758664161456 -0.402321168775041
-3.3511470920070963 -1.690410610221817 -1.0053229135596797 3.116812382507169 0.015794806928952243
-2.840977124329431 0.2185558472196789 -2.099738128992947 3.027387535548439 -1.4756158973863247
-3.471537333396715 0.037586138680530956 -3.277406701901313 0.1683696357424045 0.883040289739301
2.1101384204081945 1.4940967111723482 -0.06705708015090361 2.1355052767056555 0.46402081816152296
0.24015768607457433 1.5090633558480788 -0.16727600599450354 1.6981895873955224 -0.8620541657236421
1.2807767719209675 1.8153153661590655 -1.3151829622529327 2.4142382421134463 -1.0324450263477656
-1.4592151257010724 -0.9526593626963283 -1.2214768922456354 1.663537007777458 -0.1909056085522428
-1.8067052744466652 -1.2379258512623983 -1.7446287364711646 1.6983974822537002 0.6689333701765424
-1.4012749142112626 -2.2674475749603435 -1.9485861606646024 2.0326953744614373 1.3352436274157193
-1.2119801445113496 -2.183000535087985 -3.143682618480722 2.158736010298157 0.13341007424518903
1.0527436802190355 1.376823079121765 0.637198171786179 1.734592937591506 -0.40802905368115816
-1.8535999952101168 -0.21971010561603355 -2.7458413067588343 0.8076820897540118 -1.8038481054374065
2.039204367471028 1.3823695991894247 -2.7540662138619365 3.81962661620617 -0.6047665551608713
2.5673424934567417 2.3660003501221603 -0.46226320502364815 1.9471392039390552 -0.554180769253355
-2.8923216287010094 -0.3959482376512662 -1.9047559408558765 2.820875801124239 -0.6154268110091345
0.19162122426180028 1.6103242577698946 -2.3490008500972266 3.0611901398173114 1.4203490228276845
-1.0943318813667775 -1.9995375217450766 -0.7088181607150863 0.8807602163173495 -0.10524243261718791
-1.851179357002272 -2.0334751305940477 -3.192620259864389 0.6810582651771229 1.799195163760461
2.6793851734122454 3.4933731869997477 -0.08924657085642318 2.241916922027084 -0.6946848115649791
-2.3335090031149948 -1.5701875930763807 -3.864983024989575 2.793477609903083 0.15210271782272208
0.03836768642574495 2.929923702719039 -2.3045520838741282 2.9460741953478236 -1.556607817212426
-0.6615659078905227 -2.0570516075408074 -2.3596653535679297 0.9437559698684117 -1.3814422872734415
-0.8521729712726034 3.238714467951496 -0.373072290272185 2.253699525178065 -0.7380452644937232
1.5216871940819259 3.112311343282933 -1.7510896085119285 3.916498103915872 -0.349651511644497
0.42085880741981685 0.45420112782787403 -1.7241593037632383 1.9276973367005588 -0.2714537204499756
-2.123636710460199 -2.316826475653202 -1.367561299647559 1.320785491454764 -0.857947258804294
0.9464244160928134 0.8181126607816178 1.2878406128171778 1.7473598160763169 1.2260528607053907
2.177469754986272 2.2198858724408277 -2.239398641479605 4.531356438592144 -0.37326417252469324
1.5402154416831033 1.4927298385914076 -0.09732877044820065 2.0062059938380914 0.8417084864683372
1.870466659874423 2.7844750836327705 -1.7995794115626051 3.4777602556452782 -0.4855624509291848
0.6157251767316604 -0.30696835645110565 -1.5052576109282734 2.1014185978895696 1.3120595499011398
-2.4964610430115415 -2.6678871186067266 -1.452833179997914 -0.6295917444093462 0.035925432533939344
1.7501910771356544 2.821391495938767 -3.0441197762698877 1.285339041043513 0.3988310470293652
-0.25813833347633763 0.1534525799461639 -0.942406607306419 2.6825162897495796 0.47558081034742755
1.3359174955954964 0.5127933357242588 -0.8570644622607101 3.7321837741073756 0.45607576831708796
0.5859727192866873 1.0894925497278636 -0.866098160339347 2.016278287205679 -0.6190588568981102
-0.7840728919343454 -1.8612352853318237 -3.1066785140773607 1.2461517141135507 -0.04646197281335382
1.9605316966995365 2.4272922583294205 -1.1559567009108846 2.8794406426105565 -1.1033630209155563
-1.0981584591113613 -0.057619163154097874 -0.790581661246583 1.052587404046248 -0.03667481622771898
3.220049316752271 3.0679319456056917 -1.1663206198318714 2.088662996364832 0.8934310891878704
0.716933144484885 1.285932063969054 -1.1954894644416099 3.797251914231496 -1.5799960063446747
2.542722599356413 3.2122643226638017 -0.5208739778470185 2.696955826902185 0.9490526485491516
-1.3827503808568062 -0.11999586887707925 -1.7579787519672867 0.8793223398137416 -0.8755595564180321
-0.814552418885482 -0.16689543930589834 -2.004885098904459 0.42700066017617133 -0.8365760287651098
-1.8121574987485949 -2.0936971219667164 -1.0231063511455138 2.096008948434845 -1.0005890138950986
0.13929541065429518 -1.057215538949313 -1.1749539697952163 1.7748437532416315 -0.6210957079699235
-1.2501361434663263 0.9511066948113951 -3.1353582570647904 0.3329839871467988 0.41520145090187954
3.1574460210909 1.2878407750213385 0.023223075439898766 1.5732382421024802 1.406758919993563
1.2765264024057112 1.1513545371671876 -1.2251303706359125 2.4104005299634355 0.8161749603353404
-3.089701379037767 -1.3741337956151836 -1.1557769013784491 0.7620226465530624 0.5909100313111033
-3.2751949906919933 -0.5485152657060914 -1.7261878572192204 2.8093210470111196 -1.7681371993174066
-0.1665688654580484 2.829044264338611 -0.08291915174481845 2.161818129983977 -0.3449741855011267
-2.2696151556158064 0.3802168127300236 -2.2663581958820216 1.7499007997568383 0.4970584176263813
1.482108180966541 1.1989162294620817 -1.785588451317311 3.0362829788306223 0.7507292684120734
-3.2577977509857106 -1.9809145649096123 -1.9946239836605824 2.389387502973409 -0.4396887134081981
-4.645288090894174 -1.0857301611896994 -3.0847566507622526 1.5302028654935265 1.271534766797745
1.4341224276381366 2.0698279782133566 -2.5087245019954434 1.0346149105956963 1.3205454735113393
-2.2487984159346714 0.16708897405675205 -1.6145911270076239 0.2815671416779153 1.1845003830905252
-1.7546561157070375 -1.2474774983237524 -2.7756576296704925 1.922443302576458 0.8927680683421104
0.1596719385852392 2.040551236379387 -1.6931701466955504 2.5322102226716816 0.25920748340654365
-0.6446842225146936 -0.2065179714688432 -2.276486700389817 0.5757816107418987 0.5440442504827336
-4.211404981487713 -1.809316641075125 -1.6020650520556154 2.550131748047863 0.6629121868177437
-1.8826546569410108 -0.43313058874945565 -2.5760437602146147 1.2631800518473366 -0.2537329825403253
0.6217489781019997 3.2032195372158987 -0.6579086633440389 1.8279119304115488 -0.36531187278131905
-1.5151636823945895 -1.4588940301026703 -2.0745762498052507 0.18423760394302158 -0.06870087696703375
0.8262582487693214 0.34641714644107835 -1.4558864779652505 2.1593120812968665 2.2035027106471676
-3.4606069983080885 -1.4459190853922563 -1.8918436033724624 2.5147661491651885 0.9775446351344077
-0.9906069979967778 -1.8122074018215169 -2.0881628972217654 0.7483912387122821 1.178311863653193
1.6098030092196942 1.7289905903865108 -1.35545577209232 2.4241672758270054 -0.9796315811780061
-1.7003249273314371 -1.3754677728368758 -1.3983037460677523 -0.12403717597951869 -1.030739805093195
2.3755922364209874 1.9546177708604602 -1.061919170614466 2.656030831145711 0.37451517879318574
3.4281550324647476 -0.36475140427795627 -2.9318757132144615 1.6290734171088868 1.2757880604567537
-4.351886642701489 -0.9088177888647332 -1.408198858724473 1.373630829007209 -0.22921295931518226
-2.5073825526255695 -2.461337609333379 -2.0465251455342903 0.7220127725697559 0.9693821302507857
-1.2468171742150396 -0.11066436777400224 -0.6022603524786085 1.194093536310349 -0.15876563330257265
-3.2010791857816128 -1.9845121483806407 -2.1867168845713794 0.7588358565151588 -0.7652100779329771
2.483283420349914 1.1813531757377482 1.3836307168472344 2.6346590701886856 -0.8431871816686286
-1.681938669685325 -2.650972879496986 -1.2979837797038063 2.917533482156616 0.6751051706401461
-1.773083129122178 -1.412780226925548 -1.5044227948239557 -0.09019709319404745 -0.45791489092075816
-2.088679372816336 -1.7540845949393442 -4.462771424699653 0.8897687936349029 0.6796346556102869
3.4747335520712213 0.3023601292733593 -2.5326985720251063 2.804225000980043 -1.1543690519025436
2.218661713598442 0.8536645557110333 -1.16746561240661 1.203413008012746 1.931372830475604
0.7312762536822459 3.1767414401508076 -2.688391077093306 3.3201737697839575 0.03290136308536101
1.7279711556833228 1.6151244078991098 -1.4502587257955504 3.3982463462640062 -1.6156120823971576
-2.535614115935616 -0.3224474728609824 -2.96636834877655 2.8835939002144366 0.9078859543108933
1.7836762508355173 1.014914454926938 -3.25309995633315 0.7966591584252412 0.3157859204436194
-1.9152062639182899 -0.9538129849004526 -1.6257923067399318 0.7952302895953519 0.6990995738994037
0.5241718211950638 -0.3118298797307968 -0.9106194684765662 2.7423039615127713 -1.3457570604055897
2.2411107381745294 0.7830961738490948 -0.112301119504848 3.6813350884927587 -0.23430520424152107
-2.725252508610869 0.15797027710796097 0.08590281895781127 1.5860751690777732 1.150220704630332
0.661578090575259 2.122422377543046 -0.8106697912643994 3.478978619330496 0.23279450082690725
-3.667774639405957 -2.2899756875640724 -2.7468811222351697 1.6217004278313563 2.09802494134324
-4.244215081492815 -0.39848154776413003 -2.245678221180348 0.7680730718280455 0.23859247742346953
2.137661709426409 -0.1116342185480188 -1.2886136223582687 3.30324453086335 -0.6405133639947869
-3.0386389315378177 0.8425712734840818 -0.7758637664056878 2.7730040995571565 1.1628326628719403
-0.6888177200116823 -2.8041687784542777 -0.24593530615954728 3.0879545610370576 0.7993231757361785
0.8399283297326414 0.4150278616349419 0.5658774616332756 3.9160633759579286 -0.5731647105445791
-1.028402873036615 1.4260545724623879 -0.6804386063019585 1.1684486618282677 0.0641732172108885
-4.165238028276378 1.157771986356653 -1.3053815064509409 2.1675958142997906 0.8709518184789664
-1.4201842597035665 -1.1659160843415817 -1.1836421517051123 1.2880658311821254 -0.5398786548447343
-0.07758452785082648 1.7606821371101593 -0.7060881407724183 1.7743905979862153 0.6864659968094328
-0.16490788495244568 -0.38789043083727537 -1.3541723762013755 3.0562059410435474 0.7759133130670695
1.4915596163442084 1.7993899893467142 -2.4150858980380523 1.8032672122568498 -0.25737671377650395
1.0116932459560486 -1.6121342596611332 -0.09693425128253685 1.3467041853732438 -0.5571150467009254
0.18305138370280583 1.2023957713656745 -1.6702866378864847 1.167151653810155 0.8255441322641084
0.7373005134723468 0.4306489862262982 -1.144928811915338 2.7462674802193527 -1.3211253184239373
-1.616704116228415 -0.6190032727128423 -1.5761718761361605 0.7402777008408512 -0.6171308368497024
1.6614476526331183 0.6020085385523687 -0.47052034186421665 3.0615334906808345 0.2766087993450803
-1.4266209346850376 -0.9918914724260313 -2.4706994135496085 1.4658160764169907 0.16374927343711768
2.256588896577541 0.393538704388279 -1.2236376971485456 1.3364372089107888 -0.07971449791647546
-1.2456556990983154 -3.2053031506080023 -0.9875383341650947 1.045213646059418 -0.4054230323739067
-3.4729276211787083 -1.5866900548129272 -0.4255226725626182 1.1941789530240001 -0.8202328404029544
2.9622946121793525 1.748675620877632 0.060596287061392085 3.3928790481314897 0.562297676923505
-1.0201733343393455 1.7262300609969565 0.46195493309229096 3.8520571659193497 -1.827612361986253
-1.2454450273604034 -0.5958070643205386 -2.476194977102688 0.8170225681776186 -0.9888453841183646
-2.042799109189027 -0.6916476677900075 -1.1107209107733884 0.3006261740348739 0.006883935690489534
0.3935679862639341 0.8577091947289488 -1.294116597867803 1.768456745475754 0.13891656546077352
0.8780703634812338 0.9446791845488778 -1.2414321729209934 0.14776841582744682 0.09353734221331547
-3.0522614790731173 -0.06902168964131161 -2.6640659249857226 1.6055552466099143 -0.6328272315104979
1.9542302441110857 2.393783046496108 -2.121059220497325 2.538086849379118 -0.5538130523866881
-1.413737923989589 0.014949161872672478 -2.3263976968158286 0.7923167095871612 -1.9459498887577993
-2.1773833813546504 -0.8039482904008577 -1.658001868439561 1.4595417261940578 1.1086832878670219
-0.34648256954166134 3.3827568962112515 -2.9312198764580275 3.0655313729888767 -0.07263325260996059
-2.6706735293625736 -1.6783134155351918 -2.2040423685715935 2.1457109095321316 -0.2765270571952505
-2.653239505157661 -2.796474903584331 -1.5017018578613859 1.3398104544898897 -0.21113861360150704
2.2101518346524345 1.83936422966099 -1.2333592135875602 3.339900296234072 1.6886996253030384
-1.925862723742961 -1.0955389844570909 -1.1614797810493251 0.16237035705803793 -1.2058202897657895
-2.5778186596927077 -0.5305281198785501 -0.6248411360416635 0.456375036786304 -0.4523931032727005
2.04551592913222 1.8776925074856263 -0.6668347201089533 2.178969996911266 0.6877831371583705
1.2876207569813507 -0.822708355115096 -1.0285767461847533 2.3165084039576342 0.1027871515130957
1.079791839754981 1.0980166682767287 -2.259260153811943 2.646706004609806 1.2567193280422864
-1.2802504489419446 -0.09106629068816696 -4.26527309049528 1.57952707326946 -0.3188942363773593
-1.7896867422683045 -0.6755759853270231 -2.248701571390516 1.6444076659284694 2.22815674762024
1.3642487097085227 1.9022394652518164 -2.0439118269555605 2.721161681374475 -1.1563330342434388
0.6816569097921259 0.07299732435248174 -0.015339829686846995 2.847632839030722 0.16543564776816608
2.0955159648395734 0.14217255751731028 -1.322478428230613 2.270234399321628 1.3030632043577073
-2.9355208763061533 0.01284155421502886 -3.57250611146657 0.6067033752528078 0.230236700482843
1.5250048612126161 0.9333811663965641 -0.9288609042810332 2.9340529948044463 -0.33258748381198994
-1.2117843805951767 -1.0839892227351515 -1.774610689238132 1.9653593567673313 1.0693815663591741
-1.6936269421516648 -1.3381772824208438 -2.202864583677368 0.24602598743824933 -1.0738611398413345
-1.786469203005661 -0.958186321826137 -0.4152505025425086 1.5253635166051165 -0.3543909447452616
0.94132755568365 1.758487673079881 0.1829353238069631 1.633570042370296 -0.8766128346069526
-0.8769219814752378 -0.37589068541590864 -0.8503310779138722 -0.06052755321294834 -0.29265098098344783
-3.4742278780959674 -1.9160479439456821 -1.748306998465508 1.8054539655995498 -0.6171899641385437
-1.5777384472156855 0.6891457602968893 -1.7208778449130435 2.665843972369835 1.250886368234581
-0.24440644338771356 3.42915863480518 -1.531162687039719 3.608140251071638 -1.073398099169508
1.5209793437516892 0.03951644242573171 -0.5042187017246191 1.6977918843901598 0.5359912069547682
1.4165133624538464 1.2722654555034536 -0.43340661946213 1.4274948002122265 -1.4288840608256312
-1.120125368900644 -1.3927471395596063 -1.5064168823880384 1.959289859642047 0.6870239417985677
0.6229561016552483 1.5301249687896992 -0.19479296945006075 2.8476887259616466 -0.9065388307204832
1.083474213229529 0.6915855784254611 -1.238766552767718 2.7419939784315406 0.7971580194151648
-2.858477816066818 -1.5087258453938466 -2.0007090906136176 -1.2797843099858905 -0.14255745663780334
-2.344993243992489 -2.6767590864556023 -2.8681944916598345 -0.3475220434669235 1.3408255457675444
0.87101233289838 0.6885979405144138 -1.708026285111651 2.5463285202412793 -1.2041065678513525
-0.7751563781403268 1.6312979994318315 -0.5682537611969254 3.012282331886867 0.48612447536852266
1.9008617759886302 3.3350214101935256 -1.7271171474603733 1.7881886482953542 1.9297553641886274
-2.210297166323421 -2.479958862593551 -4.442409811359726 1.9808879668080932 -1.51839313038649
0.8648206448823494 2.270016968540869 -0.5175218465433574 2.575501079412917 -1.4952459863755108
1.454846390270263 2.3137637317265476 -0.5315475137203987 3.9168476516050297 -1.4360468629695022
-2.22533014880682 -0.9702781652267511 -3.1922607963201033 0.7081322804017504 1.5630629851997864
-0.7557320551206845 -0.0017719253927666045 -4.323763658950753 0.046758078388364765 1.3505139019631063
-1.5592570775549235 -1.0950170209059131 -2.529369922872927 0.43525238331451255 0.32835949215137894
-2.2698740323761806 -0.2545537421589803 -2.08538909550987 3.075975972414388 -0.8774990809785221
-3.5964284215668503 0.5573711064647346 -1.199316224572161 2.2222861387050954 0.3308484500325434
-0.9503669084072277 -0.6997701751670766 -2.631123469907049 1.7877780421385507 0.054595356148593344
1.103958439748724 1.5710024983558715 -3.267355094820629 0.706521985745223 0.9216759638062061
1.406630833830809 0.9241798451963996 -1.5703051071787448 1.0086296171118252 2.5377227236266737
1.0101099025940332 1.8672380133160467 -3.050405855420554 1.5347588973735227 -0.5430452288830165
0.8087413687783732 2.708028991577142 -1.9847440850607154 1.5236486227198114 -0.25204197021506497
1.2822940668773581 0.43064776089562584 -1.331526493549501 3.016253221854656 0.21377248219899633
1.4408517385420092 1.1346021949718734 -1.7256286238749563 3.820512691300617 -0.6748511981773254
0.03785000749032896 -0.3446318051463402 -1.0383384859734963 1.2750762790818775 -0.010684366694325237
-2.9078104180828563 -1.2358153067517852 -1.1643662687410758 2.4116781058074634 -1.1301828189427623
1.344463822957262 1.4006594213895107 -0.823909492319448 1.7055083299546117 -1.1552076967143157
-0.15056640210998817 -3.0166773592351905 0.15692702279925053 2.5332508411239205 0.555217085334089
-0.7202336429560312 -0.8584761199808069 -1.6817518714644388 1.4940924779029228 -0.5357968288240007
0.4963922750428367 0.5621583664912857 -1.8303590930574325 2.593561332100102 0.784406205343386
0.008672143287919987 -0.4882812873979696 -1.9825878115538054 -0.6685779412472592 0.39860320265621907
0.5457265275234741 2.6139835815326595 -3.2061707035750313 1.6447821831694294 -0.1613480917780868
0.7908997657864336 -0.29104610592306224 -0.342910892278678 1.9445168469249186 -1.4647615694936869
-1.9370714819277521 -1.7098868794134185 -1.1848340778773676 1.1439230217339986 2.2126637255873676
0.5425196000860287 0.9428662399550966 -2.4305158288074695 2.665393797080507 -0.6895471765073699
-3.0120181871086307 -0.48809508073512464 -1.2829782560380432 2.426787321229482 1.970195912232897
1.2305785424949254 1.9967722683575264 -0.9264917023784054 2.3768333284880825 -2.546838281962372
-1.786900484086058 -2.089239213465345 -2.7904262649586875 1.7390391542632473 0.17230801557686878
0.8259838329913998 2.002771979495628 -2.5413709923337438 3.0905493570518323 -0.6648676458559017
-1.5126027752855622 -1.2267057236952794 -1.7980936552610922 1.895083396812703 1.167731648062926
-0.69147830733109 -1.689093924322896 -2.398240140994363 1.6704912220991885 0.8357533244602839
1.0303036497702864 0.9709713736784834 -1.4367186746400993 2.844502789144148 -1.306792060424921
1.1425398645586125 0.15214857920891256 -3.1241749346626873 2.170454582722671 -1.4882692829689284
-3.2085134264920794 -2.0894668020942953 -2.5238856810205137 1.9982582750751474 -0.4913646835680973
3.1504654272371093 -0.4958619278696328 -2.3443296894890473 1.1183993259510967 -1.3281806808635326
1.4247556275329247 -0.15411879299278985 -0.5856929410526965 0.9691848430226089 1.119154970753342
1.4643043005362908 2.4824496350010725 -2.866589854532768 2.598167512938386 1.2058469403527428
-2.9001444597237542 -3.2201072187368815 -1.986099676497418 2.31534069188418 -0.11055781791216568
2.7819103553440407 0.3940879868033247 -2.66201423234 1.6632802360168464 -0.1903652490721338
-1.5423144630169232 -1.2674611703252046 -1.7693965251845751 2.0445986619579952 0.013061854382862503
-1.300931993731166 -1.50739703351922 -4.10908876678114 2.1124186801338225 -0.2675662010641609
0.3170743507982956 2.7613118477623217 -0.7484760296465057 1.925352151977108 0.9878462480551778
-2.3662450284714893 -0.7125497607380661 -2.8664008283719404 1.882510792805743 0.037750572554218126
1.7409418863134412 0.5694162255870364 -2.314956386598631 2.8041857483777757 0.19082303544178017
-1.8121823332970843 -1.0264771691033825 -2.426228391824855 2.3576181710113637 0.09587400331979525
-1.973126105945932 -1.0059092857391545 -2.022380180783715 1.4936252658262186 2.13295064568943
1.0030565761286296 1.4106899965997943 -0.38404629761560616 2.0770373920026692 -0.6240084508057692
1.0923879151175744 1.5204134962627067 -1.1395663917506378 1.1424840007846984 0.5725383845282027
-1.827193588517193 -1.5658335772764274 -2.4256769833668863 3.483926272247684 0.8072529926481362
0.9009506607036561 1.5068988738448073 -1.1000237711605012 0.8176034291502714 -0.5697568269964853
1.8196867231692653 2.3596490852432055 -1.2460568049044185 3.362201782478017 -0.1447639979338665
-1.9546942584576255 -3.79860279330196 -1.2942924995038099 1.6279706176302726 -0.27679007533237243
2.295708373992726 1.5819093500228432 -1.2938706704989158 1.766519267318961 0.41055772091213794
-2.5968529800910636 -2.5326745489448834 -2.8129423541671965 3.5605006041747456 -0.039612209440082674
0.6211407513863384 0.6448203986877319 -3.078813119683809 3.5123948475220974 0.37011284902028285
-0.767476758051288 -0.3959968245255756 -2.8925085906346073 1.5904979520268514 -0.8502155612305353
1.9177389762822212 0.5661464130736216 -1.2756465048559738 2.5399272040563887 -0.41274804351674765
1.3364372998721101 2.629118194064357 -2.4629913438030355 1.9522139264047589 1.0048924751794672
-2.508504684971289 -2.007026955885986 -3.007419796720944 1.286600310369324 0.3786367086552607
1.8025680475515038 2.1989793586248227 -1.9173229319376683 3.3059594676040978 -1.141592935882821
-2.369261280052491 -1.7480965418892551 -1.4166931039673962 1.446543007910147 -0.2963120568968063
-2.1258210164726665 -1.6143982454088148 -2.7946961848370524 2.2758662447972124 0.05211040149649124
1.564784809773606 0.9390297896180954 -0.6079718768934783 1.8067641154566705 -0.824044330731988
1.57975528796149 2.629408045415822 -0.8413932953059127 2.234035376095032 0.5794886688619397
-1.6494556047310736 -0.7222325357673249 -3.2299385058773646 0.7320519954019794 -1.9631664618675602
-2.6332332156316496 -2.4250461764243747 -2.586985753229357 -0.5648310232244524 0.5051816080056786
-2.550989883358675 -2.5989234566876362 -0.1882399950727467 1.2378974092566684 -0.48217301853836586
-1.0632183142172067 -2.2841308950473147 -1.7385367883139904 1.4409194919530464 0.010404113108447466
0.43275955099451724 2.409445382423611 -2.904517854537465 3.306376569954441 0.27430874119826054
-0.9440030844899812 -0.5135673088859867 -0.7797291032367104 1.3383332062276296 0.2036864181409007
-3.070623458574204 0.07343687212781802 -1.2483450879505722 1.2104823264969833 1.8030400462122982
1.3516401987912174 0.7656284577614259 -1.051430400391429 2.6669452094191284 -0.01762920579821975
-1.9188507644434554 -2.122141388540381 -1.1444946749676912 1.5075263685390465 1.4675619161441094
1.577156907911249 1.9210951873643833 -0.5753639065662726 1.069308122105618 0.07956800766597208
-2.936738900566021 -0.20092613428849626 -0.48395875364724117 2.581169559220281 0.49189860384130557
-2.8683808862807214 0.02858175641894234 -2.5179056497662344 1.580464501154518 2.1174692623862685
-2.5313914391652994 -1.4210387064062053 -2.110547385670465 1.6799825298637605 1.4534835955947472
-1.9300524593774093 -0.030044962245172613 -0.7448873629346853 0.3801517596783546 -1.6625451353917082
2.307753629939124 1.6631727140834531 -0.287487839780471 3.9840519900741667 -0.5042969127544616
1.8129833627710639 1.3140557089995448 -1.0487661397796404 2.9054488802066913 -0.12704518311988666
-1.8673009591929846 -2.696125481975157 0.6958898272766585 3.041057014231435 -0.7728936874416714
-1.1556213180501853 -2.5222550534867008 -2.633879911613546 2.741936219373851 1.0642108213061663
0.055729478877997396 0.25848903754564745 -2.368057196360506 2.1211409384479527 0.04127776526034585
1.8596378213922098 1.9063613893640943 -1.4135344351536097 2.5437570422122926 -3.041348430635623
1.6268524128125612 0.9437862606247621 -0.8549212371752835 1.9006636101021812 0.9029733942131567
-2.131409964866251 -1.35278394195767 -1.8133300931961391 1.2373276662669337 -1.5576249337197645
0.273474899455335 2.2642421229987706 -1.518224452800363 1.9150481599447082 0.9544000959910973
1.579104702035206 2.206223691050881 -1.1868308343871974 0.5175016946305802 1.4560584588564764
0.5883741803009327 0.910955673155421 -2.493461785183343 1.4117463537142787 -0.10051940044785276
2.3728007411277594 0.6014709094898969 -0.359364627511515 3.944746393625021 -0.681724345195256
0.7033551948895467 3.9392234428668176 -1.1130262393116135 3.003106570726188 0.6499810476259956
0.5805383378172531 1.7404313747111324 -0.9701351112220851 1.5835190323443689 -0.5346795388608968
-2.5638025490195266 -0.5853837842440945 -0.5327757636227091 0.825557112294118 -0.749795646625806
-0.2028563164148094 -1.8250281872446452 -3.4704711622381286 1.731322663238892 -0.7113049816188324
-2.8111396077721316 -1.4571705148839502 -2.8524281937426617 0.6933111794028131 0.8087966093201713
-2.2339812691268217 -1.8276366651565632 0.28020274203226503 0.8820096165577661 0.8529429450474875
1.453008022384377 1.6261574563963166 -1.6263664079024842 2.430634757300698 0.7188211347976372
1.6085951932863554 -0.23842585034865738 -2.689677260597736 2.798205722682483 0.1052622414334147
-2.0138544675729846 -0.20547400200511712 -0.7162432161451529 2.9562080606251744 -1.3883503464242346
-3.8500582376655235 -2.001233392841469 -1.9762327353104339 2.228611402827519 -0.6521500310460688
-1.402134190449948 -0.6129028818845044 -1.099618243135491 1.722320107710722 -0.9242618643519493
2.251807194946389 1.1874264909245684 -2.9840848725256786 3.8440401180005397 -0.7839325242210553
3.0028746830357838 0.9259463966768875 -1.1927910046028032 3.1610223313988226 -0.7641275553265611
-3.068119086826689 -3.1312385595733936 -2.3488948316373355 1.0209696847905194 -1.7001468473605803
-2.120038834966207 -0.6343948683438125 -2.3264894430529277 2.9081973923757904 0.9566387540467276
1.338600400888945 0.8193596436667472 -1.536481350043485 3.1873038467770205 -0.5664105401068781
1.9249988172393153 2.1864579546371976 -2.8640545606994676 3.858311538451354 0.2925532244576189
-0.3373027290982604 -1.9413915236324597 -1.7464144322397785 -0.016417543391708866 -1.2202108921044987
-0.25536178737073456 1.1763824829063332 0.18639297185285653 1.5164282365945727 -0.31754165436441745
-2.3791880484463204 -1.007714196195754 -2.587736341042123 0.9756607065572196 0.243133650160465
2.201074090110818 0.7417844150344616 -2.135637278602779 2.1433405544408264 0.7185923685386474
-2.5786255167401873 -2.522927151160938 -1.304439485003956 0.2529910739453649 -1.7262950055203838
-2.639900816370634 -2.1344796449985366 -3.9392258005556595 0.043320617471498846 -0.05152214218220075
0.008608050666828237 2.1855994554143896 -1.7958932579717424 3.8167602864945156 -1.2175133326778635
-1.4224932442855784 -0.6319440721322204 -1.9483999832579117 0.7706616483571125 -1.9833198013468667
-3.065772430918157 -2.5107786124600784 -1.086715222530168 2.658111691253584 0.3262920867868787
2.235910258884455 1.3504146648937407 -0.5403300925067291 2.064083182428806 -1.5598930568271108
1.1227129013573816 0.9862886252996734 -0.2470239445353477 1.595019737437808 -0.31915686539392274
-1.7767652667804144 -1.3078165278392346 -2.9924863530889745 1.73592493495969 -0.6369243982497732
2.2979187563071246 1.1255754519052592 -1.6491539612840125 1.7241629681804174 -0.6813205300047377
2.308067941495134 1.205161653477369 -0.6336469305309828 2.45464092891875 1.2971361488986826
-0.03260196726069031 1.8181251705819332 -1.8299397306496499 2.0451853280171903 -0.920535141756768
2.421596028738695 -0.17521891425767389 -1.7199965690187387 2.5633667544089724 -0.028523518135445694
-1.7550835991234455 -0.5782704551923027 -3.62559189368448 1.9026416521563418 0.7592585431161325
-3.6961228278884968 0.15539467546379937 -2.236253195650934 2.6203300165795844 -0.12268442225457582
-3.024300237119673 0.2757024025949666 -1.6602437368676337 1.9212256466800608 0.6664547101285325
0.7972733296506296 1.3908445270364507 -1.425553750179505 2.4845610845532495 0.043072242274344724
1.474591805545213 2.5270296231338305 -0.7402124889300311 2.199858733771623 -0.6763764029019955
-0.18419235152991487 2.75103525972251 -3.1036053527759275 1.6195957035439545 -0.4260448954238303
-1.6976869730906472 -0.6471009075807739 -2.377393350428315 1.8294747575155983 2.203214478517382
0.8725879673429324 0.43984965828540035 -1.5657892072124169 3.156213760701693 0.1426289346983915
1.2859521029992553 0.15672482840499358 -0.26826524879505587 1.237547186165298 2.288006694364878
-0.35030347743017143 -1.2228784867146043 -1.8955909441015983 3.0296245250912195 -0.7550271392398575
2.369022167486575 -0.3310050396781763 1.2614210726640833 4.437978347115838 -0.6497922014787968
-1.3888420293182937 -2.7685822145051837 -2.898779138657919 3.1292850565934076 1.2862284297562032
0.648501273335921 -0.7057724498360698 -0.9217781784982293 3.8250753908934425 0.168776994715537
1.1617891612712508 2.093284198369265 -2.750965353340246 2.5539974707984814 1.191311207316458
-0.47478256741932423 -1.705142486625944 -2.0555714176885225 1.1555065390660968 -0.41207019405930284
-0.503329509120851 1.5026050062262064 -1.9435872158971372 2.9098985506943933 -1.1342819132670405
-1.9679559618765514 -2.43370406350014 -2.1593609621335865 1.2878277760999888 1.6551949975203801
-3.2658124507595057 -1.7532970967887835 -2.7011996203054522 2.129989571199292 -0.08323525289516559
0.57238033635053 1.3111500835134613 -2.9291742161329846 1.99936267947115 0.08419081626877373
1.0390423924925565 1.9176210191302867 -1.7315896968245315 3.308488988712833 -0.721727877285414
-2.776453778647662 -3.170377294783374 -2.1489496737542058 2.058727909180195 1.1256520389217
-3.6164723385815023 -2.0825561660858396 -1.0849771103251555 3.597083393109335 -0.37193270218390256
-0.8667124940481004 -0.5484853744697571 -0.6226617450515872 0.22117867593616047 -0.4865797828172103
-1.7897400838763522 -0.9906071008259945 -1.7114092110767518 2.4273456403849965 0.8027235610651535
-1.6702018290446712 -2.335500549642433 -1.9950355056452957 1.3975250068818754 1.711416547686492
2.739677551630587 1.4389771860832 -1.1323326961051703 1.8386884658088438 1.6391517076420108
-2.5313886838678807 -3.943149329062102 -2.0118986809378208 3.6665332879669 2.0632764251354345
1.067204347671475 0.6934882259128355 -0.8940346439843225 1.6736038596451022 -0.3872022382816004
0.9048540517189693 2.54869261493035 -1.2803922134214094 2.3622764363472655 -0.4456659336651607
1.0677221564154167 1.813099181541628 -2.153626736897489 3.7401721885012496 0.4961431121137977
-1.8282803157184382 -1.5977388876794767 -2.166805501365902 3.282448995928437 0.7531473111396367
3.3677024900393544 1.2669834591552103 -0.8770545675033463 2.343210773760603 1.8481016611270378
-2.062377649471817 -1.0364899202739906 -0.5690798910319823 1.3148715328628946 1.2570447865937286
1.4738129881403281 1.250544210122447 -0.9452751872129761 1.6663071652206485 -0.3368662875725984
-2.61974855378993 -0.64692970499461 -1.9586224609750078 2.925146087074005 -0.15651279696758658
0.818609610446686 1.59273450620214 -0.3432836720330863 2.5198104625531785 -1.4612912430176195
0.9725718077241099 0.3191334423849732 -2.7283377074740014 2.32839026677384 -0.09411228175487629
-0.5266292886343611 -3.043874371624669 -2.111832110091444 0.6929665776404077 3.2814150245705407
-1.6173666820225925 -1.1027105209384398 -2.6866829565261097 2.5411057473635505 -0.02166314525693344
0.49155606646205163 3.0762576837533935 -0.19130108651693023 1.495074193297595 0.8441891007183189
-2.9516557487131356 -3.25832936259311 -2.9176634416290526 2.2248042695488763 -0.33026263334351486
2.4223453271543782 2.3076526942326874 -0.8219978945099127 2.98280144818724 0.4164033802470758
1.96310895493342 -0.2693683393431654 -0.7548103533835879 0.9366918298768048 0.08791672903789693
-1.8367046845702681 -1.2335900332195209 -1.9054309810427263 3.2675818683896183 -1.1244596439617196
-1.2873520533901899 -1.3507344316275052 -1.3154652914004403 0.12283524988205685 -0.19442794605848324
0.3989179248818592 3.0784546376500765 0.3818448060616393 3.0072408528239007 0.29319981842348575
-2.0667112211651513 -0.305895113911159 -2.2354294418053677 1.5336026613321938 -0.665075650137469
2.0315217707176023 0.30629873778734806 0.3031298556063007 3.1082771318009117 -1.7825338504279316
-2.27656736395074 -2.426394559879012 -1.7244309088634022 1.97158284203147 -1.1006383028680575
0.18659627800726697 2.7221474216232577 -1.9339675630010726 1.6245119907472243 -0.02071904667756648
-1.7286907723322582 -2.290999778939961 -1.2586241747855273 0.7531574741424575 0.15850192532845672
0.9170969100517163 1.9914787181306657 -1.6195314434159647 3.902889735080659 -0.8159838039789212
-3.527586760190025 -1.0309828877257645 -1.1818679472363853 0.6255085606950991 -0.3743390224717145
-1.2833842733562713 -1.1765772366144254 -2.1686098002997247 2.6489450969616364 0.49133345204658513
0.19091432572976785 -2.0543339073050744 -0.8361002720235273 3.9801200033213364 -1.5792542830148009
-1.7227146672122315 -0.35200661567566705 -1.9428189906550342 1.210326701152768 0.47049206265869237
-1.7667448102035572 -0.6002943168991263 -1.0429788445745163 0.723661556633834 2.1454389051868787
0.7415962397272335 2.152899865813247 -0.35809744466296356 1.78917429011475 1.209091049851526
-0.6317974728984199 -2.2026657280662296 -3.6889584090850693 2.5774658510281037 1.5134230622636011
1.00934369944507 0.5545549260642839 -2.416895888518951 1.2985189447971754 0.4044711783103727
-3.1359865509776803 -1.10224064180855 -0.9570876341029575 0.7425282094791469 -0.25810251313760524
-2.811731497267113 -1.86400678150749 -2.2235711980671 1.3562679532811415 -1.3620844006869968
2.432611315160483 1.2847422679012157 -0.03379387297851766 2.664858801486248 -0.49699945654957933
2.5654818784461115 1.7387099662857186 -1.432261231257835 2.3081318132237114 2.193242084470658
1.9585941851317976 2.4380027922137355 0.6367729208973301 1.9667715239195196 1.458411388609282
-3.7866952353267513 0.01880289067267138 -2.9200620483563977 1.8334170979054352 0.571833935390093
-3.2788728953697905 -2.7754887608645435 -1.7398488823618368 2.0869115169916435 0.30703345936297005
-0.4794219511250919 -0.02975654075046741 -3.342242603555121 2.3550779801453237 0.23586050135599487
-3.2210795390016673 -2.835625412308794 -1.2841106733476306 1.694088558061321 1.1948260751604645
-1.4225715223173299 0.11904887094290784 -1.9340686939830163 2.541696549438406 0.42519896938850504
-3.4092085881956877 -1.470100920644517 -2.7728259825024963 0.37134554474743053 -1.2314858430003475
1.6007347411019355 2.2473983510977895 -1.6056824286240656 2.9099698420723916 0.9862137086642281
-0.03627690882043022 1.190390956369675 -2.3428497062312705 1.2806426288889468 -0.37040324405216096
-2.3093643019216206 0.3638163838933701 -3.8457690142147696 0.506143240077515 0.819437709828599
2.1469853319433563 1.4496930939824975 1.0433881697314 2.7284296753214385 1.3032118569744904
1.0748769452975047 0.9503767284296998 -1.8156040060840046 3.0314809964456675 -2.0320648466780673
-0.019222157913324267 0.6440095334076369 -2.489180696416071 1.8398969917060746 0.5617095839865104
-1.4510561448993426 -0.19591928734766895 -2.614245979562963 3.4960327168143586 1.602537858631574
0.533781961298669 1.2770622611597753 -0.1075737882645531 2.4181385448036368 0.12357442367934018
2.1551526973821757 1.3275426365142236 -2.0966621462064783 1.9328031322250172 -0.41828594339008074
0.7705728769444008 0.5443294127798275 -3.526707898310936 3.080999143777092 -1.2885309328395185
1.5073829681589441 0.2156519047952088 -1.408791949280237 4.424751666623221 0.6121311867887118
-2.850240518273968 -0.12112386277453235 -3.2790891782225104 2.409887895522397 0.4361351636054974
-1.6636145158970017 -1.2391732293845894 -1.7952859713786422 0.845209528586364 0.8250560319830427
1.8234858369658884 2.354415519860566 0.32108879612755015 2.8572580235876446 0.5181078630681889
1.0348811795851405 1.1907191452312995 -0.23926993798232732 2.135365134136272 -0.6781362379456516
0.3721185505900334 3.8636592127263407 -1.1767789280729375 2.577697196222827 -0.6384066808632878
-2.0121165366851903 0.8841705373588657 -2.9479872993426373 0.9079718806785382 0.08748473199211368
-1.284290474749291 0.39647053430487134 -1.3573350490432659 2.9648929781532445 1.741695222253605
0.8390638346681969 0.015628658633995096 -1.1128887920498267 0.3515195412313239 1.6114399568993991
-1.2149054070643566 -0.07167891712832497 -1.024962241482466 1.9143574640470913 -0.3906899755568252
-0.4795822265027525 0.8900270587116101 -1.5398424631630367 3.6427223188045694 1.8449380796690753
1.5167708298792937 0.7004921049057844 -1.0894530898639183 2.6841688677426068 -0.8828987166347642
1.83101343936443 0.523250024539778 -0.987593660271544 2.5414930082843656 -2.6637236791609906
1.117516518383359 1.4119943153854904 -2.087087301964398 2.606775384389294 0.13692155855576862
3.068112424515654 2.894704841352138 -1.5757013526681112 2.0372761734010574 0.11253910920817839
-1.818867221146467 -1.5662403450540199 -1.7801221934894245 2.6954051177049356 -0.0719668416656209
0.44619807609293805 -1.6034625123343216 -1.4336219787775515 3.2533634604227215 -0.027323513722099763
1.0386702780679256 2.6372364944227957 -1.0596598983306 3.998152205474012 0.6121424534065718
-0.2291008722957779 1.2984713012949245 -1.6226424391814995 2.620054290903832 1.120032271171087
-0.44407951174853055 -1.1966593229451241 -1.336805776803179 0.7612270291032863 0.365469667703758
1.9914895579118508 3.054743774824927 -1.947326324304305 2.3809743081235335 2.0244928683396677
2.524997173519587 -0.9662669411786515 -1.3487443187015895 1.3314325349727123 -0.13931854980049843
0.5785200295779407 2.807268335381387 -1.8660508268851466 2.2303180794768127 0.8254134868696922
0.23478362829699484 2.198471279204509 -2.56439125452882 2.729004496132323 -0.5758389262597402
2.2337215588899912 1.9606273178645242 -1.376653067162149 0.6432352906646386 1.047009016566577
-1.5335896293092146 -2.7776532566217043 -1.9243202164981916 2.129894589333204 0.471255538516105
-1.7211770111866056 -2.8664845154537 -2.163298304999964 1.4667797879869902 -0.6975916014902594
-1.483435849353174 -0.5209753871842621 -1.8760431377411317 2.442393697094377 1.5059660690977636
-0.6652213533007285 0.9137776904400656 -0.6623547429765348 2.726895775676405 -0.2477814620207162
2.072450838274551 -1.4304798820981306 -1.3394480564064553 2.172997421161452 -1.5593181058761718
-1.4160659926150723 -2.66971941670307 0.2572759066170258 2.871677256430638 1.2273899746705967
-3.8085436343990264 1.0401792869942177 -3.35202435348105 1.9230970104425764 1.756443002315235
0.775604533847642 -0.14932652535706725 0.7289411583668761 3.0871119659214026 1.0471285755243236
2.5183261755105493 1.1011045439756857 -1.4038889102511098 2.644097133317155 -0.9255698096088971
1.2472981624734498 1.657925662258168 -1.583427175225529 1.789755198658427 -2.969823094790283
-2.6447041923951553 -1.3232149258417816 -3.9350138434107853 0.952823798910073 0.9853022276231092
0.2775128284803182 1.5102047056614571 -1.7103127230020947 2.014654080977116 -0.03371455312385943
1.4024761997607258 3.602124487274718 -1.7900342058447698 1.7035380737338262 0.09146441785432549
2.9655000511532768 0.31366601295746177 -1.659608129659498 3.6807621232077157 0.45395626306603665
1.3402250306167607 1.5201205491988332 -1.9457673995429792 3.0168679178747424 1.4507944300720719
-2.047028748380662 -1.7654547708152044 -2.5614845979445313 2.008918542562235 -0.5878743138156737
2.236493632882702 2.6743988251407176 -2.256193022191461 3.420225047041704 0.6106622225731413
-0.4925526812682617 -1.7944204930127479 -1.7263403748811559 1.8863969453605005 -0.42602680838562207
1.4791172944753073 -0.4116690776702687 -2.1173367544579462 2.7707783621799065 0.11854367622646583
1.1659929605680768 0.41822658681287384 -1.4807711341376537 2.864402741703045 0.4800510275379023
-3.863035971576072 -0.7496269259477459 -2.0570411710386813 1.6313270824235648 -0.3039547348833273
-2.3046935168242255 -0.5419666350846805 -4.110688125916522 0.7929190460475342 1.6480985149645067
0.17232733181276427 2.575065391711801 0.38545071178424717 1.9987361358004891 -1.2031654199201396
1.5613345602138535 1.526160848284503 -1.64386142289912 -0.9264060813624915 0.9017801491226761
1.3220768413451847 1.0012072830817458 -1.8392991810364472 3.4061227360426507 -0.034657367814522486
1.5372508492951926 0.9487813150595572 -1.0749225462265963 4.588549571810329 -2.7015591800918903
-3.1980102607093017 -1.352955638256311 -2.407711364494043 1.8543829465463642 -1.8000081475290501
-0.8036282455467179 -0.9139967998270455 -2.0671866557670118 1.3332719947186096 1.6685947736008269
-0.27971786358779926 1.102271245593052 -1.008390371259212 2.3596183405943574 -0.7401738452290557
0.20769613015847077 0.18085174568166718 -2.0178688636374438 3.717134263785514 0.5317701962129397
2.9193782561328545 2.7713383895175583 -1.3002211581901126 1.067265157386015 2.2518778891153164
-2.4242151014730418 -2.3282839447686614 -2.3690366450091673 -0.052452974146769415 -0.5613037400239833
1.7565692762926757 1.2666568122038036 -0.8956113716331814 1.7977768497502349 2.584134948311389
0.39893123481466664 2.375997877219417 -0.9405506373494494 3.5055455510876286 -0.558698141455832
-1.3737033634212918 2.5232150669763342 -0.6417825281123565 2.246179907201652 -1.3175683767877615
0.5057301846023113 2.6959059415978066 -1.403992981589467 2.474947262341261 0.6228247980617366
2.3720323801776715 0.512197235932113 -0.1823031608968111 1.179145841443542 -0.8631091652474607
2.313134455519045 1.793129729863938 -1.411170146890525 0.4214490854249495 -0.955995404695748
2.034955712371707 0.537773695328993 -0.8214245154735254 2.1057836122691875 0.08736009776890269
-4.325723588053011 -1.5089509571410147 -2.8162898530247045 1.6210024797679115 -0.3392972909986702
0.7439848606336164 4.050069156335171 -1.54866535937966 3.6509015636963094 -0.32235989533824666
3.2252894984352904 0.0827359738337774 -1.4411737600052836 1.1828511185885127 0.5722555676230611
1.7513007241104321 0.6496305999634103 -2.5419405581547956 1.2651095876298972 -0.6962644048826182
0.5914834993799226 1.4451699951545185 -2.264945900127002 2.7232490171060957 -1.5783468492045167
-1.2925031098935236 -1.2449073073932946 -2.53271425500618 1.083205116870376 0.5900420088302583
1.6010116065605262 0.6771111305060293 -3.036731859376499 2.682225877174949 0.0318002144034602
-2.4091171254347477 0.014356707711636219 -2.2584663829230247 1.512300537161439 1.0478670437215576
1.872070038194201 1.6616632080499598 0.2639007050691333 1.4978737975255412 0.6911929378664123
-0.4941859728882352 0.943801780152626 -1.4340903095364146 2.8090956154902686 -0.8783167185467854
1.0397694052713207 1.275933954872835 -1.4468361762408362 1.4673095380351746 2.2986075433579862
-1.9033172565431644 -0.31599701902603017 -2.1031927956716023 2.09951063171771 0.6083760544816129
1.1397646144240834 0.4644937125874521 -1.202562528088762 1.2674240015695728 -0.6202325137615838
-2.612064294875039 1.3427819976722184 -3.936002707434178 1.1129636902355329 -0.12373471745137321
1.2643654693142707 3.6456953438966013 -3.089307231114797 2.7644618620060353 -1.6143131738776766
-0.33167353229991114 -1.819321318112531 0.09659757572208383 1.9173584037408995 -0.7041153239877005
2.446309387088978 0.31610689385020896 -1.4041893304597526 1.834855363402674 -0.2757267740554066
-2.0602849072094562 -0.3626786662205801 -2.3652234926824915 1.174802699788344 0.30714231878291587
-3.1049038844570713 -0.27843310551492406 -0.4898058719142937 2.483784810979391 1.452631002768067
0.7671152704695905 1.5778417203799677 -2.4086538128186117 1.8530685546599694 -0.6189307476609394
-1.9267322271069276 0.9453528759012826 1.2260265032297595 1.9267674525724652 -1.0784418374199716
0.12311091224937121 -0.09645353223270425 -2.5972674143099486 1.2694578976822282 -1.754210785830137
-1.6454038330791392 -0.449241314165742 -3.471531856710041 2.235591891468433 -1.2490353304803066
1.87606548594989 0.22082483090236327 -0.020641945621550528 2.738121866222087 -1.8655070911226128
-1.0262224172003782 -0.5782911203783124 -2.8734600251322844 3.179523184920895 -0.06256302940866654
-2.1038124418170248 -1.221005581641489 -2.4781937391183564 1.7245509474061091 -0.014796410621135792
0.9400947997488386 1.174956422501214 -2.273912381813427 2.1329700465618044 -0.39193435072056637
-0.8192037599465889 2.297969524127998 -0.055693719927553564 2.8534650610070043 0.3721925179479978
2.4397939150177077 0.0008207154056323329 -1.970920808348143 3.7751776262048895 -1.3383716779355448
-1.9121137740670624 -1.2993685889267634 -1.8222240020612055 -0.833470007637167 0.8209192608126712
-1.643372950217278 -2.9403895354495417 -3.0360059315114882 0.37696372726071425 0.5325577267219302
0.6923697458953751 3.5850374351430596 -3.331606311964907 2.3655717905365043 0.8342230464778224
-1.6406722147569193 -0.18217766546993563 -1.5609158920989423 1.8519481297963023 0.860942958260454
2.3197404445586445 1.5356644275615454 -0.6364956015741935 2.5970227968272406 -0.32901617572961883
1.6804148874144647 1.6853815203732814 -0.01665362660584968 1.0236769816673914 0.6230573903180885
-0.7505804513110717 -1.740724788476088 -1.6230150585125749 3.0430037279947353 0.10705323888962437
-1.9330254653789376 -1.949174313867645 -2.8124610190648283 0.37383552815476007 0.76983009761675
2.1920077495699593 1.8370958639720434 -2.907316308117693 1.6775212732074425 0.23684091550150968
-1.0391611542660757 -1.977911479864502 -3.6758991249994963 1.4514161946132502 0.38878381884303176
1.9745390295751861 -0.045710074522052 -0.2966963918418777 2.257978690016926 1.6734973847513217
-2.282455624524586 -1.5827377016418944 -2.30672644967706 1.3617832242204455 0.46042512271505515
-0.8441818313787928 -1.3111010506928396 -1.5502397648133825 1.7926319678612455 0.6342673634679402
0.6592625856814128 1.287201226878964 -0.5252166126642617 2.004551887359691 0.41135648659605006
-1.9338835516182145 -2.0343615649402906 -2.0051511474748622 0.018517169435696923 0.11947515188003482
1.4699030823988157 2.4095632127603164 -1.2970709958927484 3.029883050989019 1.124710613712414
0.6208174258254303 2.7275136790210284 0.5972349902987837 2.0480913100876363 -0.15698867083243154
0.6056103083893604 0.14084865284561432 -1.3324161525730156 2.933260795729813 -0.45309139952798005
-1.648131172920021 -3.1650846202911085 -1.6266990987817818 0.308670266689296 0.2518034260025176
0.4234970699847599 0.9243392586379084 -0.7903021989250344 1.447893157459525 0.36060161522623446
-0.3346157772073153 -0.35685223980723135 -1.6287137139687629 1.5134708532604073 -1.0316442886077017
-0.2949897995424311 2.6951111836874064 -0.6843689345565785 0.9519813288962193 -0.2796261059171481
-1.4407272092121586 -1.159472711240443 0.6376614550394026 1.9055069008611971 1.2244438931709871
3.157964982717722 0.9805809670256445 -0.7652728505925351 3.1430465992303396 0.40041385175181243
-1.50898839174388 -1.22722279777134 -1.1419544132106862 0.5580522727993107 0.2421608129582925
1.6903322161457117 0.9142382818314287 -1.7895322654029115 1.218007299499615 0.2853844646560587
1.5900915944946508 0.8744859069829253 -3.045549119580233 3.908039442230028 -0.13995000133015054
-1.758701731871331 -1.9171142515280395 -2.209864079500949 1.8382810593458143 -0.7621849399954681
-1.9000803231794587 -1.8180933626271782 -2.519785059953307 1.434677092612904 1.238506056924584
-0.8283534988489325 1.5993782001708188 -2.9862507693350313 1.7394337450658828 0.5128550709298548
1.0340922872014628 3.4066284319817473 0.789665705056678 3.656614547890337 -0.1360179691606503
2.057933044687198 3.4378506499308146 -1.8052874599162922 2.560030328223305 1.01592914412529
1.5501068062612557 3.1207938482283004 -2.2564437559712363 2.0821899463912823 -0.7514223118989605
0.5343347636698423 1.537562426811604 -1.9901938148549911 1.161885908369096 -0.9915143533966998
2.4076836377473643 1.360787114500018 -0.8100024437522815 1.6893383539340312 -1.8395838761260723
-1.8959466376090006 -2.115618340457175 -1.8673091488235474 2.1616184853673994 -0.012735450089715716
1.5600387220868104 0.8235493466466695 -2.6638513676244875 2.666971155149912 -0.6346765155101408
-1.5142641831065013 -3.668070848120811 -1.8466707011942174 1.3270985180156656 0.8165558794896302
1.5813496131664286 0.4967891051823816 -1.0542815082714656 2.616437832752287 -0.5539674731300909
2.0008229075613575 0.4310566813299269 -1.9520934278104742 2.2324777490384524 0.25392280199189454
0.25353048599623906 2.356195216689887 -1.2237745606757406 1.6770661536256593 -0.670414319480022
-1.7591425284136721 -2.2369528443849327 -0.013182291814364477 2.092251037733278 0.25212815757975604
-1.3646642592494032 -1.9531105702055116 -2.8839594754022047 3.5732460929762846 0.5517206045133541
-2.9448883764840676 -1.3233297528750156 -3.2506601058317988 0.39908228417395786 0.380396739717876
1.015074142739298 1.6665771153786424 -2.7994960717169914 2.1111062804558136 -0.2681194137033571
0.7848818148719023 0.9707244249933824 -0.06497393422939335 0.4949926534160385 1.5377570869851143
-3.739094469784276 -1.9297348722434569 -3.242526450364873 1.7530223329199472 0.6138628207900305
1.294248558813081 2.0394406772399116 -1.199324871416227 2.5854933520610146 -1.2395855794331074
2.429061701915133 0.7604037288493309 -0.49303114610522514 1.493576071360561 0.3687240907276955
-2.829522155770145 -1.3124385767371094 -1.361391007420797 2.4524153233642356 0.3728204042350304
1.1076807597777263 3.0936932751804456 -2.630848833748359 2.6692490325650975 0.12349520177281517
-2.3839036875629236 -2.779985746780153 -2.185299842243221 0.7423151188895667 -0.6236778393785678
-0.36446423928749416 -1.5757768562257524 -1.3785979263298636 1.7084205050647467 1.0062954972330835
-3.0014173048483275 -1.8787908004029954 -1.9675711493965546 3.120793615155102 1.0033564746353456
0.28615895652944 -1.6417695483807295 -2.0891390769677174 1.4364612101601533 0.3953505490509349
-1.8578712228137793 -2.3160753592248353 -2.117672156673212 0.7974205546218065 1.2120892393325826
-2.1838063731287205 -0.8433130367349571 -2.9914979362466143 3.067183884120062 -0.25779254709244637
-2.0085733751556702 -0.7045626626020826 -1.5869870400497255 2.4716562713620394 -0.8964141995746431
1.3056785194012317 2.0715721486896563 -1.520015308791859 2.7252515009510887 0.4410062808301536
-2.486011004647709 -0.07227682585788098 -4.33290165686992 4.039945322771025 -0.7891377338277552
-3.367601314392413 -1.6999410444706713 -2.0734136340103437 2.505437182862766 -0.15655480893255164
-1.7846861507422205 -1.7492604788719686 -1.7306669477556609 2.1078191375426494 0.9879958952209265
1.796744256119195 0.8160106569758946 -0.8661075241141796 1.7730676072761264 -1.769299894949016
-1.6561638038825124 -0.5244862316506441 -2.839757533559835 0.8985241324935456 1.2670354572158213
3.1794603386078197 0.9018191991068853 -0.5723261119295284 1.689854989488115 -0.8347891132800561
1.3561630257591033 1.6824473749402211 -0.8566921250067814 2.349008896525777 0.36161304385425164
0.5796564287941766 1.9689969603103257 -1.3572242483099726 2.506629251539385 0.27244182991513943
-2.459104330203994 -1.0064000802974091 -2.8514957007461628 2.9973806489555916 -1.4452417776574944
-2.7206127281726546 1.7574568922799154 -2.284926404290408 0.5485848967743494 -1.0228581311584182
-2.7977777677140176 -2.5402358909904446 -2.0865111144185846 0.34887669685021105 0.37533890829899774
-3.250723435370168 -3.0449380058731377 -3.787192885063888 -1.508534730211903 0.733085577497518
0.7297808663933512 1.1844855270996144 -2.212032552105308 2.2018843376673365 -0.469238949356262
1.1612717950756946 -0.8756435053859808 1.0952194422919164 2.207512564886771 -0.15574339562393474
-2.225222961135861 0.17418016469106856 -1.6197195590420141 1.679152162665616 1.0733525744573191
1.7103619410484647 1.247526651585911 -2.2554135605545564 1.1284841101206897 -0.6556035436705892
-1.6317078311914424 -0.590913854724992 -3.6564739890931115 0.9795283201494687 -0.08890398452687764
0.7180787391159922 1.4783390602080009 -0.10071379588845697 1.0090497767553248 -0.5907636355967653
-2.9051497275138343 -2.1396093399869573 -1.7621424907948322 2.807604936534692 -1.3182632615862437
-0.6445381507309165 -2.5899339706277775 -1.4746783013384541 1.8615369571729856 0.8923864342046384
-1.508357284174712 -0.8008350466501248 -0.9640821063350473 1.4757096384836965 0.8405195099890628
-0.7981939223449912 1.778837826174998 -1.3129845838969938 0.7581198376523446 -1.2523165672208019
-2.6103867128697114 -2.2999025968933946 -1.5966947481496794 1.649454189686494 -0.4329272313436549
0.697794370004424 1.4797610479036802 -1.211890670995907 0.8874707066694316 1.6612263794278044
0.34326853748013675 0.4098045665376726 -1.19772227288367 3.3348776197335237 -1.5379970531903286
-0.8258101688275798 -1.2979257064041085 -0.6588999071825474 1.76138061846821 -2.153589588417697
2.6893803879204716 1.4620618803590477 -0.08850048866863736 2.8552814677883664 -1.0634162377785192
-1.0282116767101293 -0.6022622490286456 -1.8261646211585816 2.0117053794565565 1.037258744102783
0.7241328920243504 1.6173833820131733 -2.1555110934902917 1.7783314172689861 -1.581378703925701
1.1171492179284004 1.0290543531081637 -2.8135361201833806 3.16793799447664 -0.569681411417047
3.2042568738463535 1.883007521021799 -1.6933849926181155 3.5680303765961314 0.21745855464651667
-2.9464671982519026 -0.35755922963589115 -2.416566889351292 0.15648249707123352 -0.15339540238922583
-2.3085958640117585 0.42541637674847177 -1.3272054232112551 3.230321103078615 1.7573913400916066
-1.2294980444952177 -0.5762751193839651 -3.373454664779593 2.306339354528008 0.284045106996227
-3.331745436314102 -0.8574046237386019 -2.9044995068764057 3.1115593706831803 -0.8263581017822923
-0.021333034745120383 0.1769112445983989 -0.8600684223260215 3.513402248500838 0.3161242946080871
-2.978386568961298 0.048423760531770776 -2.2809669214241546 0.8941333537759037 -0.7572765652643252
-2.0202430105278943 -2.2099232955773953 -1.5807411506613565 1.3894826978417014 0.12978414271528016
-1.0118527201874368 -0.9939458918308925 -2.4058243888884214 2.097565701608901 -1.2180175269723441
0.04597070521771407 1.7054135516599096 -1.3141683544406648 1.555006164766747 0.7273933044274121
1.7979133160146763 1.9707715164271753 -1.5355655279142404 0.22669512473173192 -1.1314032139570043
-2.413403209826793 -1.8328789713203992 -1.7747677725999524 1.6158301905859902 0.6873352935660468
1.5280085795756206 1.8995497378311237 0.2142150584129936 1.9246243303992254 -0.7051502375412702
-1.2966903727211863 -2.333930790485173 -1.885933289672891 2.0144285400361355 0.3125408025261679
3.7803703221678564 1.7261727930682782 0.5259757053188152 4.227951217869428 -0.8472777700880826
1.4537027133852214 1.0170748734002713 -1.5746572089469797 0.36685735526881214 -1.1325065626266226
0.5158643133209053 1.2927385238135303 -1.5443166023920283 1.6573362774750477 0.12942977589826182
-0.47867992239657053 -0.24983007604864382 -1.4477264609574436 0.8176745431049579 -0.35103074190140987
2.2797345327055467 1.1304719047576384 0.5142379984743313 2.023708856419041 -2.1300311447077784
0.7826607261303953 3.9586451652003416 0.6363320551004898 2.609023932143344 -1.3009000188044837
-1.7363625756280614 -2.844187009934017 -3.9403780932574928 2.0271521192013444 -0.11111058744230934
-2.300085127741017 -1.066863983166693 -1.7240849258938638 0.8958087394285139 0.7148932604356462
-1.8019940612045238 -1.5031577428858196 -2.0387517752865385 3.0707142261852614 1.2329776169802809
-4.587497039564861 -0.5250460377980933 -0.9024915549349466 1.8198128338369568 0.5442073522040054
1.4844375967724992 -0.22279137645271962 -2.4693645090229746 1.0533374037570151 0.9542924173715267
-1.6696835567350607 -2.5795354450845522 -3.3946287342039794 1.5059302757009212 -1.8421362151868095
-0.07396151518821759 2.0486230999445225 -1.5932403566634339 2.517861992189986 0.6575346062857959
-1.0822382068968837 -0.2794291824419375 -1.7844001123590705 2.495507560733345 1.2890425875883318
-2.3035064580073703 0.8288964439348401 -1.3057725410705414 2.4392173937549915 0.8253865439240222
3.477762697522823 2.403931558855816 -0.7076255791403776 0.9938631659560984 0.0473816857479504
1.7288533382166764 1.5045809999883466 -2.486771299805343 2.1949291438722263 -2.0288548785005425
0.9984564716904778 2.349955062796898 -0.6938793126595882 3.172768665799214 -0.7507069272149416
-2.2686577220983177 -3.4281039582387427 -3.0177292717733835 0.8931954304910589 0.31454008557331875
-2.3667588250045606 -0.5882509900425471 -1.7800933133071606 2.186269973100401 -2.077174020300892
-3.6039218730577876 -3.5240266716400592 -3.7036424577584843 2.569404731411903 0.7892813202137656
0.5341849458143063 2.9875996902249176 -1.3695194621887778 2.2337154597738986 0.43953699807629965
-2.753830796459197 0.10056758813711975 -1.4384999510695926 1.1456556068983204 1.292497413355507
-3.830845291015068 -2.394325862473508 -2.758565624415877 1.3110039112269247 -0.032455362529477505
-5.013480863744279 -2.5294820976326613 -2.766750179157911 2.229028201301094 -1.4776148744884483
-0.5536435486532585 -1.900952378464161 -1.4229354843846913 1.2403654048125146 0.6256166654556257
-0.19222769599697176 1.197229751472522 -1.597113696683452 3.7655407563804237 -0.6598133819116276
2.2821818109352776 1.7395751851836143 -2.095342820678347 2.258957436536664 -1.9983284491003617
-1.569041130231923 -0.006594224230569212 -2.5240699921266496 2.0390193898815463 -0.8070283328055847
-0.3005639381451808 0.6387905901110765 -2.305951845199658 3.5921978708929228 -2.0208278919265505
-4.072553525186766 -1.987155505954418 -2.4908842672116758 1.4619439244685106 1.4611810787974586
-0.8163019069665569 1.2075124102498214 -1.3838430655608436 1.3184125939754656 -0.5979619210823892
-4.1498476275102645 -0.658907641860199 -0.03212560063784875 1.1068545225119046 0.36051663163967507
-2.50570984495671 -1.5549324004024205 -2.2693150649183544 3.023692958237767 -0.10377877909870392
-2.9766845268743296 -1.5284639277980443 -3.7207160141862663 2.015369541561385 1.3444801035584089
-2.7114777068871847 -1.381136804591533 -2.2095530475951675 2.9458040220329607 1.4046994445125294
1.2046989292718486 1.2318139266183876 -1.5760552201940683 0.35418694121033 0.11884832029774836
0.6728733335978139 1.309221658847147 -2.2535930499447847 2.8606903349079804 0.22968064972062865
3.3131513259888123 1.277787147718126 -1.1248160394166886 2.3250749396837387 0.6193233792923161
-1.4373737529669357 -3.1861279973608996 -1.251160706485909 2.1095458623758385 -0.3238974820828215
2.5003059196921393 1.3721765304414102 -3.2101036022634037 3.297596109560967 -0.9480993548731497
2.4216923661540326 2.7096699122184162 -0.908768745263957 1.324119751702475 -0.6849847482469884
-1.471937691068047 -0.9399602752732434 -1.714378796031691 1.525250756816004 -0.6334881362719229
-0.058522138615387354 0.3007830476871576 -0.9135075359976632 1.7206022999376274 -0.20211921576093228
0.9765448524530149 1.6871041312352228 -2.415679564266241 2.4584399517812545 1.0499810751444585
1.510838620511218 2.4366455842234935 -2.2979617679679905 2.876549795689705 -0.60584008085099
-3.262814469531334 -1.6149897304966592 -2.318709613402195 1.908704872236772 -0.33345101189347465
1.326979083103272 2.9267614156774058 -2.599661267896173 0.6235041700047539 -0.9808170998446167
-1.729003415428398 -0.8635338006302538 -2.524458660003668 2.163756019099632 -0.6560900293747032
-2.8858568301380076 -3.287417131765264 -1.7576652783421753 1.631894472193081 -0.2790490619485036
-4.013081185637114 -2.0561897197865098 -0.9515243346704774 1.8446277466382046 0.24150182520357413
-4.369053771087718 -2.1518439224538164 -2.0754859443940665 0.29850865660348114 0.35221270372394264
-2.277009718302865 -2.0533741686589853 -4.103678334399923 1.7073514742965683 0.5898726720665466
-2.2564716932722555 -1.7013824253150078 -0.023819569683189545 2.102701218980779 -1.2664566162082744
-2.419650014403443 -1.5951275003838894 -2.5033312694553485 2.37459389729099 -1.7726635762321081
-1.5582351651591058 1.0115265134980949 -3.9517844302181064 1.243804160524103 0.4720330998982415
0.8907040599158441 -0.013821959990794053 -0.23786743619250372 3.2516276640391037 -0.696100151532335
0.32593592291923545 0.8321247285048563 -1.2777123421453167 3.1221908959000855 2.030213208844089
-2.608753047170876 -1.741889222738391 -2.3825560959402674 2.451570601994757 -0.3665485214395319
2.129377531299213 1.2592693092718708 -2.0239912878889985 1.633266315838041 -0.7040866629498068
-4.669316527168279 -3.0131524181762703 -0.01945332871502714 1.5634973076146639 1.7729749045043715
-1.3801388314561485 -0.7118069478434346 -2.243361244720606 1.5355445794484937 0.4599544881517537
0.4728896548140197 0.8924452397113719 -0.9728521540803569 1.2667111184792679 0.829430509984357
0.8224981587129241 0.8849562612708748 0.1372169734608215 1.6289792409519201 0.8335772674037537
-1.2284780083907005 0.04968991921957144 -2.271043773731715 3.2177152398625855 -0.25322571251388043
2.271288275685373 0.24903840728577253 -0.6176985975717965 1.0674110078914916 -0.5041950497782919
-1.8054216994241505 0.06035297146545138 -3.872243377572321 1.4626031646458437 0.22666671648087908
3.190854264274574 1.502300570535545 -0.5858355378061679 2.6207839862979094 -2.01746908783713
1.3640392004183273 2.365570450233612 -2.6039300849312927 3.773808926398697 1.7375636535515373
-2.0021092885354497 -1.7847400716476938 -2.1667807833489214 0.141341367187243 1.6093163773228802
-2.9128399462167613 -1.6235854166780397 -2.222535312813789 2.4050112366597687 -1.5179138695728143
2.5982627231614424 3.648763526295617 -2.3795620359686773 2.410129482058043 -0.04986912721270175
-1.1237087500986453 -1.6180948322916886 -2.016808389425668 1.8427480730977317 0.9218462712560485
-0.7954883514401792 -1.556854735873194 -2.5423629461747757 0.22144200982284956 -0.016419176485719833
0.38500486012527235 0.27866295287982745 -1.9418446773434481 2.282322354172087 -0.0713112800291271
-3.393290576079148 -0.3797405903840564 -0.8926353492317727 2.6465900299089147 2.498707138338478
-3.4959891118981976 -1.499050238655177 -2.649783132075048 1.079103772798009 -0.9536259448182958
0.14641374755014125 0.33821708760053504 -0.25619704416132016 2.549934709577547 -0.3296128440736942
1.3703902212641395 1.9122424095907875 -0.4633713877779241 3.950447426235752 1.5517673960216993
